file_path, stable_rythm, unstable_rythm, stabilized_rythm, mean_ssim, mean_ssim_2, mean_psnr, mean_psnr_2
../results-new/averaging-filter/DeepStab/10_avg_stab_r_5.avi, 0.03395938733364697, 0.03659359220727606, 0.03672362572330897, 0.3268142667987928, 0.4025777239066493, 12.851993234145779, 15.708651148116921
../results-new/averaging-filter/DeepStab/11_avg_stab_r_5.avi, 0.033843155478051966, 0.03548393873380037, 0.03666000349375913, 0.41210640307287366, 0.4867180997952349, 14.204676505013918, 16.801149369461786
../results-new/averaging-filter/DeepStab/12_avg_stab_r_5.avi, 0.03383266482978015, 0.032604351554043, 0.03354677626170154, 0.3535536291226641, 0.4648159812888514, 12.789143589558355, 16.780068355912217
../results-new/averaging-filter/DeepStab/13_avg_stab_r_5.avi, 0.03709346681038096, 0.036221972246910594, 0.03603523466056892, 0.23870897796678445, 0.34936387698778654, 12.231101517247202, 15.17966251973531
../results-new/averaging-filter/DeepStab/14_avg_stab_r_5.avi, 0.03581471790782682, 0.03532330621408271, 0.03517298438661446, 0.23357175890729764, 0.32456528402834955, 12.008897337808355, 15.587010773191313
../results-new/averaging-filter/DeepStab/15_avg_stab_r_5.avi, 0.035984111478180196, 0.03560666900294798, 0.03582658649937425, 0.26948571162742685, 0.37139611568357356, 13.220546778156981, 15.790392952059005
../results-new/averaging-filter/DeepStab/16_avg_stab_r_5.avi, 0.03752712550800818, 0.0377867026925087, 0.03808477740549606, 0.2825764773372891, 0.4036083303908811, 13.776475939918937, 17.083534889112357
../results-new/averaging-filter/DeepStab/17_avg_stab_r_5.avi, 0.036209141007866846, 0.03448609962214763, 0.034142213556834854, 0.3310091297238477, 0.4530711448031896, 13.9409214594874, 18.138418651476886
../results-new/averaging-filter/DeepStab/18_avg_stab_r_5.avi, 0.03673112644113493, 0.03689266148224169, 0.03731606504233194, 0.3080647878304564, 0.4318391141230796, 13.268272139046568, 17.75611215090924
../results-new/averaging-filter/DeepStab/19_avg_stab_r_5.avi, 0.04907673037755911, 0.04674791436662761, 0.04887975951815327, 0.5828457550572806, 0.6649003601735538, 14.291656220324748, 18.99540376487025
../results-new/averaging-filter/DeepStab/1_avg_stab_r_5.avi, 0.03801198803329396, 0.03693218475838762, 0.038279044756553214, 0.47071196759381434, 0.5639935864708611, 13.87887837249181, 18.218562105523922
../results-new/averaging-filter/DeepStab/20_avg_stab_r_5.avi, 0.03681871646356423, 0.04343760628992476, 0.044369496110570616, 0.41579362936156844, 0.5118005890603667, 13.89811384647158, 17.663447153882966
../results-new/averaging-filter/DeepStab/21_avg_stab_r_5.avi, 0.036848394999522506, 0.03658360213939107, 0.036776819965443824, 0.3636507697008153, 0.46531700981076035, 12.806852974214983, 15.61505107110032
../results-new/averaging-filter/DeepStab/22_avg_stab_r_5.avi, 0.03619555225510252, 0.039892818956133995, 0.04080928192475443, 0.37639012827858775, 0.4601121004618117, 13.552131089816182, 16.530190197066624
../results-new/averaging-filter/DeepStab/23_avg_stab_r_5.avi, 0.03592292794035499, 0.036564593848915986, 0.03739466585385022, 0.4510693797919388, 0.5284148347878358, 13.874629625237091, 19.486872357388382
../results-new/averaging-filter/DeepStab/24_avg_stab_r_5.avi, 0.0366638245527199, 0.03780601004413765, 0.038903191399647284, 0.42555831130116295, 0.4934422012256385, 14.469602725142234, 18.53325335152251
../results-new/averaging-filter/DeepStab/25_avg_stab_r_5.avi, 0.03567280845563922, 0.03557605874244953, 0.037155783413746785, 0.36307702929471913, 0.4678979480118554, 12.672840898518556, 17.270679692957003
../results-new/averaging-filter/DeepStab/26_avg_stab_r_5.avi, 0.035981043197250345, 0.036586957841472596, 0.036278904706543436, 0.37611075624027057, 0.44849811508175924, 14.994486527781755, 17.89145979666415
../results-new/averaging-filter/DeepStab/27_avg_stab_r_5.avi, 0.035696644050491715, 0.03693474514088419, 0.03689423716779869, 0.34959485420367237, 0.5112494037280098, 13.517882336929508, 17.5064876537744
../results-new/averaging-filter/DeepStab/28_avg_stab_r_5.avi, 0.03715926091874563, 0.03719182405001553, 0.037144312191590506, 0.3248356464777035, 0.5187855504790013, 13.409395449705688, 16.715237999660093
../results-new/averaging-filter/DeepStab/29_avg_stab_r_5.avi, 0.035444533504883066, 0.036990099698149516, 0.03675613917437698, 0.2504351408992412, 0.3944157404642591, 11.794634162298674, 17.652580920616302
../results-new/averaging-filter/DeepStab/2_avg_stab_r_5.avi, 0.03825646496422948, 0.050692332700397705, 0.05156260724202042, 0.48348011782548683, 0.5893972255479168, 14.961393521184725, 19.51630034983488
../results-new/averaging-filter/DeepStab/30_avg_stab_r_5.avi, 0.03583450530853173, 0.037217520395595956, 0.03712305868085814, 0.395252884397466, 0.4771885055289602, 13.322968563304132, 16.849160198244117
../results-new/averaging-filter/DeepStab/31_avg_stab_r_5.avi, 0.03638307108053865, 0.03663276074589125, 0.03675818465023724, 0.3309277810207871, 0.41546945867956825, 11.685644912894391, 15.589548345033675
../results-new/averaging-filter/DeepStab/32_avg_stab_r_5.avi, 0.03570818551596424, 0.03651283472888458, 0.03745388710220598, 0.39780229315079546, 0.5038188560457297, 13.273763969753151, 18.00283521297946
../results-new/averaging-filter/DeepStab/33_avg_stab_r_5.avi, 0.03644713301584909, 0.03575874487632453, 0.03597063791631974, 0.3731974677455681, 0.47252738069054606, 12.59905799450381, 16.771226281277656
../results-new/averaging-filter/DeepStab/34_avg_stab_r_5.avi, 0.035841232821277456, 0.04099811620177476, 0.04219571450948478, 0.46315919985288523, 0.554594111113509, 13.389380779463012, 18.418983987078754
../results-new/averaging-filter/DeepStab/35_avg_stab_r_5.avi, 0.03811926948496761, 0.041701572744081365, 0.04336749968147622, 0.45448369980267606, 0.526688920185613, 14.976460872166218, 17.56469814091312
../results-new/averaging-filter/DeepStab/36_avg_stab_r_5.avi, 0.0389424727437791, 0.03846329945568675, 0.039208150203769616, 0.43125736571750783, 0.5267960063991751, 14.570349945570369, 18.62559894207478
../results-new/averaging-filter/DeepStab/37_avg_stab_r_5.avi, 0.041032900715009604, 0.046322581050180035, 0.049537515609169115, 0.4706754459525631, 0.5792630834847328, 13.452793512858921, 18.752595376517284
../results-new/averaging-filter/DeepStab/38_avg_stab_r_5.avi, 0.03922417162271335, 0.04199034263089474, 0.04308056924782999, 0.42266966456230165, 0.5297256191495584, 13.991089208703004, 18.854525554700004
../results-new/averaging-filter/DeepStab/39_avg_stab_r_5.avi, 0.03910192014513417, 0.04039655266665574, 0.04161812603880875, 0.528462445110862, 0.6251478922449437, 13.827757639239152, 19.109403052389894
../results-new/averaging-filter/DeepStab/3_avg_stab_r_5.avi, 0.0367294009185988, 0.03677614012890463, 0.03718005920092413, 0.5113014410999944, 0.5908751059515425, 14.782493275298789, 18.430180554797197
../results-new/averaging-filter/DeepStab/40_avg_stab_r_5.avi, 0.037604904685821575, 0.03982580094711908, 0.0410605639781744, 0.44832798708436644, 0.525536796005931, 14.683272317926853, 17.674660175555154
../results-new/averaging-filter/DeepStab/41_avg_stab_r_5.avi, 0.03591379051064092, 0.03684367272482755, 0.03667246752921028, 0.37166183045484086, 0.42332940151642423, 13.838033847601016, 16.029835436102214
../results-new/averaging-filter/DeepStab/42_avg_stab_r_5.avi, 0.04258638888085918, 0.04514870386084062, 0.04699622620708105, 0.41825234098091, 0.5428305783265874, 12.375231043812954, 16.644636125313582
../results-new/averaging-filter/DeepStab/43_avg_stab_r_5.avi, 0.03811958421638914, 0.0369398805073606, 0.03689121431008313, 0.41813059083957077, 0.5043615713068819, 12.785868120051493, 17.95947759119055
../results-new/averaging-filter/DeepStab/44_avg_stab_r_5.avi, 0.03769175559076241, 0.036674729838976, 0.03671595025801659, 0.447459601051838, 0.5291877229688358, 12.926895092009776, 17.024811264595673
../results-new/averaging-filter/DeepStab/45_avg_stab_r_5.avi, 0.045684340614809936, 0.05231225364906546, 0.06381302047411065, 0.6561249908753785, 0.7699266689689895, 15.23793903982581, 20.1652461616664
../results-new/averaging-filter/DeepStab/46_avg_stab_r_5.avi, 0.04489902744565417, 0.051951066993114275, 0.056986249476385795, 0.7318163462938447, 0.827365048703793, 18.027625095198637, 22.56571388824564
../results-new/averaging-filter/DeepStab/47_avg_stab_r_5.avi, 0.04714537425802862, 0.0510531759631333, 0.05733093047767271, 0.7019795199230467, 0.833851913479027, 14.886710265723739, 21.84807809448808
../results-new/averaging-filter/DeepStab/48_avg_stab_r_5.avi, 0.044249595037252794, 0.05411062033495125, 0.06581980343331034, 0.6592059415872983, 0.7913931728914656, 13.97442074554137, 19.90910229722445
../results-new/averaging-filter/DeepStab/49_avg_stab_r_5.avi, 0.043251326006474605, 0.0581227335769929, 0.05800018174014189, 0.6236502591040415, 0.7440745546443095, 15.73944149303403, 22.041195460069208
../results-new/averaging-filter/DeepStab/4_avg_stab_r_5.avi, 0.04146236961248513, 0.03985079068677212, 0.04073269271987115, 0.4588916288260449, 0.5874430153619429, 13.878736019904135, 19.50082923532856
../results-new/averaging-filter/DeepStab/50_avg_stab_r_5.avi, 0.044708986423053994, 0.04637590307896329, 0.04868727536823286, 0.47303889389518994, 0.6065060067408989, 10.077009935011755, 14.026846448119738
../results-new/averaging-filter/DeepStab/51_avg_stab_r_5.avi, 0.04953668953302142, 0.05070937851479195, 0.05045792469983932, 0.6063008523186112, 0.7566401218805047, 13.164733660052558, 19.568119618162246
../results-new/averaging-filter/DeepStab/52_avg_stab_r_5.avi, 0.036627088069198475, 0.04267662692694141, 0.044536345181834386, 0.5530099969072257, 0.6764974134773305, 12.648893881131388, 16.504692430339276
../results-new/averaging-filter/DeepStab/53_avg_stab_r_5.avi, 0.036587146099277816, 0.03790073984053072, 0.03803681456465095, 0.44978860038639923, 0.5929656777877833, 13.624613806991807, 17.614047334004102
../results-new/averaging-filter/DeepStab/54_avg_stab_r_5.avi, 0.03684679413238159, 0.038382396129098814, 0.038798032583042145, 0.4419206904380722, 0.6044773009740165, 13.287040941709458, 18.096684454516264
../results-new/averaging-filter/DeepStab/55_avg_stab_r_5.avi, 0.037390389250206935, 0.03884248400332671, 0.039966978028497434, 0.5005746433139692, 0.6162252056493657, 11.923577303916383, 16.001142160326836
../results-new/averaging-filter/DeepStab/56_avg_stab_r_5.avi, 0.04066052445136786, 0.045067537534772974, 0.04717230129540752, 0.5391864204803727, 0.6808682807909895, 12.115387552876264, 17.18577274514253
../results-new/averaging-filter/DeepStab/57_avg_stab_r_5.avi, 0.03881120870791587, 0.042826257937888614, 0.04367532351297029, 0.5695271507902547, 0.702969187246246, 12.9792967094018, 17.779064293533764
../results-new/averaging-filter/DeepStab/58_avg_stab_r_5.avi, 0.03837318290041241, 0.03705775244765484, 0.03650234512621356, 0.5789786190691519, 0.6731667881423766, 13.879650937035558, 17.350134620140032
../results-new/averaging-filter/DeepStab/59_avg_stab_r_5.avi, 0.03582504867330873, 0.036721244724280365, 0.03676748199564796, 0.36045646894961714, 0.5237236121344119, 12.403619668321252, 16.702016202329116
../results-new/averaging-filter/DeepStab/5_avg_stab_r_5.avi, 0.04087876031424142, 0.043118922184512146, 0.04287426659278961, 0.5591869423023563, 0.6768266124748852, 14.283111399477777, 20.54008897235739
../results-new/averaging-filter/DeepStab/60_avg_stab_r_5.avi, 0.03616489618569202, 0.036492309985832444, 0.037163633233734845, 0.3760197263920124, 0.5300307012330435, 12.476185228904148, 16.35588537115128
../results-new/averaging-filter/DeepStab/61_avg_stab_r_5.avi, 0.036390382724548094, 0.03759732661413902, 0.03779525788705856, 0.3442385894017, 0.5167424307687122, 12.779712796797241, 17.221368437603914
../results-new/averaging-filter/DeepStab/6_avg_stab_r_5.avi, 0.04065851066692081, 0.04009546384919582, 0.04021161521904286, 0.4574026407629826, 0.6022099058333259, 13.465419895414803, 19.814466013002765
../results-new/averaging-filter/DeepStab/7_avg_stab_r_5.avi, 0.03855351506924781, 0.037337963168839756, 0.03806549733283722, 0.47456857712756184, 0.6045247030791309, 13.75808447856991, 19.66205501206201
../results-new/averaging-filter/DeepStab/8_avg_stab_r_5.avi, 0.04085050244881403, 0.037244434434872305, 0.037825051802289324, 0.5152452160906841, 0.6465044863707032, 13.044602232797242, 19.019048671767372
../results-new/averaging-filter/DeepStab/9_avg_stab_r_5.avi, 0.05943981926969679, 0.04186132514386501, 0.041473880471817194, 0.3468232156155938, 0.4605204384702649, 12.541294010859744, 17.814363972134
file_path, stable_rythm, unstable_rythm, stabilized_rythm, mean_ssim, mean_ssim_2, mean_psnr, mean_psnr_2
../results-new/averaging-filter/DeepStab/10_avg_stab_r_5.avi, 0.03672362572330897, 0.03659359220727606, 0.03672362572330897, 1.0, 0.4025777239066493, inf, 15.708651148116921
../results-new/averaging-filter/DeepStab/11_avg_stab_r_5.avi, 0.03666000349375913, 0.03548393873380037, 0.03666000349375913, 1.0, 0.4867180997952349, inf, 16.801149369461786
file_path, stable_rythm, unstable_rythm, stabilized_rythm, mean_ssim, mean_ssim_2, mean_psnr, mean_psnr_2
../results-new/averaging-filter/DeepStab/10_avg_stab_r_5.avi, 0.03672362572330897, 0.03656599007774722, 0.03672362572330897, 1.0, 0.4025777239066493, inf, 15.708651148116921
../results-new/averaging-filter/DeepStab/11_avg_stab_r_5.avi, 0.03666000349375913, 0.035816647643771196, 0.03666000349375913, 1.0, 0.4867180997952349, inf, 16.801149369461786
../results-new/averaging-filter/DeepStab/12_avg_stab_r_5.avi, 0.03354677626170154, 0.03301316956327214, 0.03354677626170154, 1.0, 0.4648159812888514, inf, 16.780068355912217
../results-new/averaging-filter/DeepStab/13_avg_stab_r_5.avi, 0.03603523466056892, 0.03622685527717895, 0.03603523466056892, 1.0, 0.34936387698778654, inf, 15.17966251973531
../results-new/averaging-filter/DeepStab/14_avg_stab_r_5.avi, 0.03517509147833581, 0.03530111942621412, 0.03517509147833581, 1.0, 0.32456528402834955, inf, 15.587010773191313
../results-new/averaging-filter/DeepStab/15_avg_stab_r_5.avi, 0.035827226114113375, 0.035575235636526044, 0.035827226114113375, 1.0, 0.37139611568357356, inf, 15.790392952059005
../results-new/averaging-filter/DeepStab/16_avg_stab_r_5.avi, 0.03808305196176241, 0.037793037442517226, 0.03808305196176241, 1.0, 0.4036083303908811, inf, 17.083534889112357
../results-new/averaging-filter/DeepStab/17_avg_stab_r_5.avi, 0.03414214161687164, 0.034524249534511345, 0.03414214161687164, 1.0, 0.4530711448031896, inf, 18.138418651476886
../results-new/averaging-filter/DeepStab/18_avg_stab_r_5.avi, 0.037317485459440705, 0.036840165956354184, 0.037317485459440705, 1.0000000000000082, 0.43183911412375, inf, 17.75611215090924
../results-new/averaging-filter/DeepStab/19_avg_stab_r_5.avi, 0.04887960511701559, 0.04674269946283228, 0.04887960511701559, 1.0, 0.6649003601735538, inf, 18.99540376487025
../results-new/averaging-filter/DeepStab/1_avg_stab_r_5.avi, 0.038279044756553214, 0.03692906801986292, 0.038279044756553214, 1.0, 0.5639935864708611, inf, 18.218562105523922
../results-new/averaging-filter/DeepStab/20_avg_stab_r_5.avi, 0.044368735309482266, 0.04342561733312235, 0.044368735309482266, 1.0, 0.5118005890603667, inf, 17.663447153882966
../results-new/averaging-filter/DeepStab/21_avg_stab_r_5.avi, 0.036775127638889404, 0.03662224773266355, 0.036775127638889404, 1.0, 0.46531700981076035, inf, 15.61505107110032
../results-new/averaging-filter/DeepStab/22_avg_stab_r_5.avi, 0.04081850980773593, 0.03986950246668995, 0.04081850980773593, 1.0, 0.460112100342629, inf, 16.530190197066624
../results-new/averaging-filter/DeepStab/23_avg_stab_r_5.avi, 0.03738322167572315, 0.036896996459672385, 0.03738322167572315, 1.0, 0.5284148336195321, inf, 19.486872357388382
../results-new/averaging-filter/DeepStab/24_avg_stab_r_5.avi, 0.038903191399647284, 0.037827432538850916, 0.038903191399647284, 1.0, 0.4934422012256385, inf, 18.53325335152251
../results-new/averaging-filter/DeepStab/25_avg_stab_r_5.avi, 0.03715239869568675, 0.03555325486158981, 0.03715239869568675, 1.0, 0.4678979480118554, inf, 17.270679692957003
../results-new/averaging-filter/DeepStab/26_avg_stab_r_5.avi, 0.036278145909961756, 0.03646847456623691, 0.036278145909961756, 1.0, 0.44849811508175924, inf, 17.89145979666415
../results-new/averaging-filter/DeepStab/27_avg_stab_r_5.avi, 0.03689423716779869, 0.03695318405210695, 0.03689423716779869, 1.0, 0.511249403624635, inf, 17.5064876537744
../results-new/averaging-filter/DeepStab/28_avg_stab_r_5.avi, 0.037144335592931246, 0.03718052266437148, 0.037144335592931246, 1.0, 0.5187855498156023, inf, 16.715237999660093
../results-new/averaging-filter/DeepStab/29_avg_stab_r_5.avi, 0.03675348895982575, 0.03699905338171916, 0.03675348895982575, 1.0, 0.39441574008678243, inf, 17.652580920616302
../results-new/averaging-filter/DeepStab/2_avg_stab_r_5.avi, 0.05156260724202042, 0.050692332700397705, 0.05156260724202042, 1.0, 0.5893972255281829, inf, 19.51630034983488
../results-new/averaging-filter/DeepStab/30_avg_stab_r_5.avi, 0.03712089399570906, 0.03724319259730705, 0.03712089399570906, 1.0, 0.4771885055288711, inf, 16.849160198244117
../results-new/averaging-filter/DeepStab/31_avg_stab_r_5.avi, 0.03676364737102549, 0.036566106267684244, 0.03676364737102549, 1.0, 0.4154694545616397, inf, 15.589548346327016
../results-new/averaging-filter/DeepStab/32_avg_stab_r_5.avi, 0.03745615297280372, 0.03658795892948058, 0.03745615297280372, 1.0, 0.5038188560457297, inf, 18.00283521297946
../results-new/averaging-filter/DeepStab/33_avg_stab_r_5.avi, 0.03597581182953287, 0.03576024611008446, 0.03597581182953287, 1.0, 0.47252738069054606, inf, 16.771226281277656
../results-new/averaging-filter/DeepStab/34_avg_stab_r_5.avi, 0.04220657951852953, 0.041007468943489944, 0.04220657951852953, 1.0, 0.554594111113509, inf, 18.418983987078754
../results-new/averaging-filter/DeepStab/35_avg_stab_r_5.avi, 0.0433637248428595, 0.04173520367345331, 0.0433637248428595, 1.0, 0.5266889203151022, inf, 17.56469814091312
../results-new/averaging-filter/DeepStab/36_avg_stab_r_5.avi, 0.039208150203769616, 0.038505455778634755, 0.039208150203769616, 1.0, 0.5267960062798467, inf, 18.62559894207478
../results-new/averaging-filter/DeepStab/37_avg_stab_r_5.avi, 0.04952988811115488, 0.04635148841263235, 0.04952988811115488, 1.0, 0.5792630834847328, inf, 18.752595376517284
../results-new/averaging-filter/DeepStab/38_avg_stab_r_5.avi, 0.04308056924782999, 0.04198401909325059, 0.04308056924782999, 1.0, 0.5297256191495584, inf, 18.854525554700004
../results-new/averaging-filter/DeepStab/39_avg_stab_r_5.avi, 0.04161789080483811, 0.04039872628230923, 0.04161789080483811, 1.0, 0.625147891149712, inf, 19.10940305306468
../results-new/averaging-filter/DeepStab/3_avg_stab_r_5.avi, 0.037184815530019566, 0.03677925032711344, 0.037184815530019566, 1.0, 0.5908751037681356, inf, 18.430180555516987
../results-new/averaging-filter/DeepStab/40_avg_stab_r_5.avi, 0.04106207678205919, 0.03985555940712422, 0.04106207678205919, 1.0000000006212524, 0.5255367964209582, inf, 17.674660175555154
../results-new/averaging-filter/DeepStab/41_avg_stab_r_5.avi, 0.03667412185720475, 0.03693903426678901, 0.03667412185720475, 1.0000000000000016, 0.42332944729829697, inf, 16.02983544517156
../results-new/averaging-filter/DeepStab/42_avg_stab_r_5.avi, 0.04699780583266431, 0.04515636290582086, 0.04699780583266431, 1.0, 0.542830578311725, inf, 16.644636125313582
../results-new/averaging-filter/DeepStab/43_avg_stab_r_5.avi, 0.036892383801629465, 0.03699781777230807, 0.036892383801629465, 1.0, 0.5043615713068819, inf, 17.95947759119055
../results-new/averaging-filter/DeepStab/44_avg_stab_r_5.avi, 0.036716655210505045, 0.0365931057919812, 0.036716655210505045, 1.0000000000041733, 0.5291877230070092, inf, 17.024811264595673
../results-new/averaging-filter/DeepStab/45_avg_stab_r_5.avi, 0.06381302073538815, 0.0523145272470186, 0.06381302073538815, 1.0000000002402276, 0.7699266692175394, inf, 20.1652461616664
../results-new/averaging-filter/DeepStab/46_avg_stab_r_5.avi, 0.056986249476385795, 0.051951658541863434, 0.056986249476385795, 1.0, 0.827365048703793, inf, 22.56571388824564
../results-new/averaging-filter/DeepStab/47_avg_stab_r_5.avi, 0.05732710694595206, 0.051067589503760114, 0.05732710694595206, 1.0000000000483749, 0.8338519133360018, inf, 21.84807809448808
../results-new/averaging-filter/DeepStab/48_avg_stab_r_5.avi, 0.06581980343331034, 0.05411062033495125, 0.06581980343331034, 1.0, 0.7913931728914656, inf, 19.90910229722445
../results-new/averaging-filter/DeepStab/49_avg_stab_r_5.avi, 0.05800018174014189, 0.0581227335769929, 0.05800018174014189, 1.0000000016841681, 0.744074558887874, inf, 22.041195458335253
../results-new/averaging-filter/DeepStab/4_avg_stab_r_5.avi, 0.04073269271987115, 0.03985079068677212, 0.04073269271987115, 1.0000000004787415, 0.5874430158041336, inf, 19.50082923532856
../results-new/averaging-filter/DeepStab/50_avg_stab_r_5.avi, 0.0486876986233666, 0.0463651651799854, 0.0486876986233666, 1.0000000000001192, 0.6065060068241769, inf, 14.026846448119738
../results-new/averaging-filter/DeepStab/51_avg_stab_r_5.avi, 0.050458455630297806, 0.05070630223852329, 0.050458455630297806, 1.0000000021509214, 0.7566401240463461, inf, 19.56811961804073
../results-new/averaging-filter/DeepStab/52_avg_stab_r_5.avi, 0.044536345181834386, 0.04267662692694141, 0.044536345181834386, 1.0, 0.6764974134773305, inf, 16.504692430339276
../results-new/averaging-filter/DeepStab/53_avg_stab_r_5.avi, 0.03805222883291598, 0.037894592438642585, 0.03805222883291598, 1.0000000000028788, 0.5929656777877833, inf, 17.614047334004102
../results-new/averaging-filter/DeepStab/54_avg_stab_r_5.avi, 0.03879392794255424, 0.03836909686645704, 0.03879392794255424, 1.0, 0.6044773009740165, inf, 18.096684454516264
../results-new/averaging-filter/DeepStab/55_avg_stab_r_5.avi, 0.03993963393137731, 0.03883771176240543, 0.03993963393137731, 1.0, 0.6162252056493657, inf, 16.001142160326836
../results-new/averaging-filter/DeepStab/56_avg_stab_r_5.avi, 0.04719352440045593, 0.04507378272153181, 0.04719352440045593, 1.0000000000000142, 0.6808682808003184, inf, 17.18577274514253
../results-new/averaging-filter/DeepStab/57_avg_stab_r_5.avi, 0.043687687266100915, 0.04285329647968252, 0.043687687266100915, 1.0, 0.702969187246246, inf, 17.779064293533764
../results-new/averaging-filter/DeepStab/58_avg_stab_r_5.avi, 0.03643179202926638, 0.03711957853068306, 0.03643179202926638, 1.0000000001934755, 0.6731667881423766, inf, 17.350134620140032
../results-new/averaging-filter/DeepStab/59_avg_stab_r_5.avi, 0.03675763997196776, 0.03667132265069527, 0.03675763997196776, 1.0, 0.5237236121344119, inf, 16.702016202329116
../results-new/averaging-filter/DeepStab/5_avg_stab_r_5.avi, 0.04287426659278961, 0.043118922184512146, 0.04287426659278961, 1.0000000000000775, 0.6768266130405889, inf, 20.54008897235739
../results-new/averaging-filter/DeepStab/60_avg_stab_r_5.avi, 0.03720262995024973, 0.036443092970470686, 0.03720262995024973, 1.0, 0.5300307012330435, inf, 16.35588537115128
../results-new/averaging-filter/DeepStab/61_avg_stab_r_5.avi, 0.037786244763903694, 0.037595678142305376, 0.037786244763903694, 1.0, 0.5167424307687122, inf, 17.221368437603914
../results-new/averaging-filter/DeepStab/6_avg_stab_r_5.avi, 0.04021161521904286, 0.04010616188838778, 0.04021161521904286, 1.0000000014793533, 0.6022099068873707, inf, 19.814466012648897
../results-new/averaging-filter/DeepStab/7_avg_stab_r_5.avi, 0.03806549733283722, 0.03732536462906968, 0.03806549733283722, 1.0, 0.604524702755049, inf, 19.66205501206201
../results-new/averaging-filter/DeepStab/8_avg_stab_r_5.avi, 0.0378352668062815, 0.0372448714297075, 0.0378352668062815, 1.0, 0.6465044863707032, inf, 19.019048671767372
../results-new/averaging-filter/DeepStab/9_avg_stab_r_5.avi, 0.041473880471817194, 0.04185736946263547, 0.041473880471817194, 1.0, 0.4605204384702649, inf, 17.814363972134
file_path, stable_rythm, unstable_rythm, stabilized_rythm, mean_ssim, mean_ssim_2, mean_psnr, mean_psnr_2
../results-new/averaging-filter/DeepStab/10_avg_stab_r_5.avi, 0.03831593171304281, 0.03656599007774722, 0.03672362572330897, 0.38776875305282793, 0.4025777239066493, 14.64296981430006, 15.708651148116921
../results-new/averaging-filter/DeepStab/11_avg_stab_r_5.avi, 0.03645798855946829, 0.035816647643771196, 0.03666000349375913, 0.470681228338797, 0.4867180997952349, 15.83069385941668, 16.801149369461786
../results-new/averaging-filter/DeepStab/12_avg_stab_r_5.avi, 0.03389900405966333, 0.03301316956327214, 0.03354677626170154, 0.46364978139108864, 0.4648159812888514, 16.676929763411813, 16.780068355912217
../results-new/averaging-filter/DeepStab/13_avg_stab_r_5.avi, 0.036547826538101104, 0.03622685527717895, 0.03603523466056892, 0.3444406594324294, 0.34936387698778654, 14.208845076479411, 15.17966251973531
../results-new/averaging-filter/DeepStab/14_avg_stab_r_5.avi, 0.03554455714769189, 0.03530111942621412, 0.03517509147833581, 0.3028766141692146, 0.32456528402834955, 13.783940841467844, 15.587010773191313
../results-new/averaging-filter/DeepStab/15_avg_stab_r_5.avi, 0.03594815635041521, 0.035575235636526044, 0.035827226114113375, 0.3555716511313303, 0.37139611568357356, 14.121128459945991, 15.790392952059005
../results-new/averaging-filter/DeepStab/16_avg_stab_r_5.avi, 0.03829911282880247, 0.037793037442517226, 0.03808305196176241, 0.3985190808164914, 0.4036083303908811, 15.55582606505878, 17.083534889112357
../results-new/averaging-filter/DeepStab/17_avg_stab_r_5.avi, 0.03461669674410079, 0.034524249534511345, 0.03414214161687164, 0.45875913181479766, 0.4530711448031896, 16.727080844855227, 18.138418651476886
../results-new/averaging-filter/DeepStab/18_avg_stab_r_5.avi, 0.0375021189611785, 0.036840165956354184, 0.037317485459440705, 0.41670925701724576, 0.4318391141230796, 15.490984062124845, 17.75611215090924
../results-new/averaging-filter/DeepStab/19_avg_stab_r_5.avi, 0.05141855557556274, 0.04674269946283228, 0.04887960511701559, 0.631719356927451, 0.6649003601735538, 16.653792596827813, 18.99540376487025
../results-new/averaging-filter/DeepStab/1_avg_stab_r_5.avi, 0.0382188286628073, 0.03692906801986292, 0.038279044756553214, 0.5371634777943118, 0.5639935864708611, 16.01298549639109, 18.218562105523922
../results-new/averaging-filter/DeepStab/20_avg_stab_r_5.avi, 0.04328214933364163, 0.04342561733312235, 0.044368735309482266, 0.5065955309481295, 0.5118005890603667, 16.887269893618303, 17.663447153882966
../results-new/averaging-filter/DeepStab/21_avg_stab_r_5.avi, 0.03650023622426403, 0.03662224773266355, 0.036775127638889404, 0.4370667371947562, 0.46531700981076035, 13.811834599240868, 15.61505107110032
../results-new/averaging-filter/DeepStab/22_avg_stab_r_5.avi, 0.042717777047879026, 0.03986950246668995, 0.04081850980773593, 0.4312707196294157, 0.460112100342629, 14.410071015158508, 16.530190197066624
../results-new/averaging-filter/DeepStab/23_avg_stab_r_5.avi, 0.03864723576405514, 0.036896996459672385, 0.03738322167572315, 0.5226857031357093, 0.5284148336195321, 18.52226874616139, 19.486872357388382
../results-new/averaging-filter/DeepStab/24_avg_stab_r_5.avi, 0.03910036443158139, 0.037827432538850916, 0.038903191399647284, 0.4785521110022401, 0.4934422012256385, 16.9764749161363, 18.53325335152251
../results-new/averaging-filter/DeepStab/25_avg_stab_r_5.avi, 0.038216977733215154, 0.03555325486158981, 0.03715239869568675, 0.43760232272466504, 0.4678979480118554, 15.11443181377445, 17.270679692957003
../results-new/averaging-filter/DeepStab/26_avg_stab_r_5.avi, 0.03600789719594675, 0.03646847456623691, 0.036278145909961756, 0.4425037508695658, 0.44849811508175924, 16.40196526213388, 17.89145979666415
../results-new/averaging-filter/DeepStab/27_avg_stab_r_5.avi, 0.040134368589202885, 0.03695318405210695, 0.03689423716779869, 0.47324607189486007, 0.511249403624635, 14.672688152664257, 17.5064876537744
../results-new/averaging-filter/DeepStab/28_avg_stab_r_5.avi, 0.03804726327232863, 0.03718052266437148, 0.037144335592931246, 0.47171240700524447, 0.5187855498156023, 13.591107739766674, 16.715237999660093
../results-new/averaging-filter/DeepStab/29_avg_stab_r_5.avi, 0.0368745259761351, 0.03699905338171916, 0.03675348895982575, 0.3939979161463483, 0.39441574008678243, 16.699029257793992, 17.652580920616302
../results-new/averaging-filter/DeepStab/2_avg_stab_r_5.avi, 0.046039914910897546, 0.050692332700397705, 0.05156260724202042, 0.5624164177841696, 0.5893972255281829, 16.771369088177888, 19.51630034983488
../results-new/averaging-filter/DeepStab/30_avg_stab_r_5.avi, 0.03675899450511319, 0.03724319259730705, 0.03712089399570906, 0.4591137906347143, 0.4771885055288711, 15.521740686493107, 16.849160198244117
../results-new/averaging-filter/DeepStab/31_avg_stab_r_5.avi, 0.037760744880939626, 0.036566106267684244, 0.03676364737102549, 0.3833720865948529, 0.4154694545616397, 13.863096705508683, 15.589548346327016
../results-new/averaging-filter/DeepStab/32_avg_stab_r_5.avi, 0.03684512444820407, 0.03658795892948058, 0.03745615297280372, 0.4798433285712576, 0.5038188560457297, 15.622290107910949, 18.00283521297946
../results-new/averaging-filter/DeepStab/33_avg_stab_r_5.avi, 0.03917961275123338, 0.03576024611008446, 0.03597581182953287, 0.45500499308516107, 0.47252738069054606, 15.067681128340826, 16.771226281277656
../results-new/averaging-filter/DeepStab/34_avg_stab_r_5.avi, 0.04341452340343028, 0.041007468943489944, 0.04220657951852953, 0.5336339868337413, 0.554594111113509, 16.324418820995227, 18.418983987078754
../results-new/averaging-filter/DeepStab/35_avg_stab_r_5.avi, 0.04292257928949898, 0.04173520367345331, 0.0433637248428595, 0.5183928706721078, 0.5266889203151022, 16.077711996542153, 17.56469814091312
../results-new/averaging-filter/DeepStab/36_avg_stab_r_5.avi, 0.03856875067548288, 0.038505455778634755, 0.039208150203769616, 0.5104947245618283, 0.5267960062798467, 15.939510968677904, 18.62559894207478
../results-new/averaging-filter/DeepStab/37_avg_stab_r_5.avi, 0.049726386661862756, 0.04635148841263235, 0.04952988811115488, 0.567017016630619, 0.5792630834847328, 16.276289716123028, 18.752595376517284
../results-new/averaging-filter/DeepStab/38_avg_stab_r_5.avi, 0.042452137922257126, 0.04198401909325059, 0.04308056924782999, 0.5066822347665287, 0.5297256191495584, 15.887572762903195, 18.854525554700004
../results-new/averaging-filter/DeepStab/39_avg_stab_r_5.avi, 0.03991778607068216, 0.04039872628230923, 0.04161789080483811, 0.6011619515337323, 0.625147891149712, 16.13531806329122, 19.10940305306468
../results-new/averaging-filter/DeepStab/3_avg_stab_r_5.avi, 0.03700421887525451, 0.03677925032711344, 0.037184815530019566, 0.5679131159834776, 0.5908751037681356, 16.385017631232586, 18.430180555516987
../results-new/averaging-filter/DeepStab/40_avg_stab_r_5.avi, 0.03842113890861517, 0.03985555940712422, 0.04106207678205919, 0.5099808819092457, 0.525536795972328, 15.943328295824465, 17.674660175555154
../results-new/averaging-filter/DeepStab/41_avg_stab_r_5.avi, 0.035977445817427796, 0.03693903426678901, 0.03667412185720475, 0.4004794436987334, 0.4233294473118176, 14.240180765793712, 16.02983544517156
../results-new/averaging-filter/DeepStab/42_avg_stab_r_5.avi, 0.04704236082054565, 0.04515636290582086, 0.04699780583266431, 0.512740623776684, 0.542830578311725, 14.92827941543797, 16.644636125313582
../results-new/averaging-filter/DeepStab/43_avg_stab_r_5.avi, 0.03763572217316043, 0.03699781777230807, 0.036892383801629465, 0.4858806965527691, 0.5043615713068819, 17.01617156087638, 17.95947759119055
../results-new/averaging-filter/DeepStab/44_avg_stab_r_5.avi, 0.03712751072227191, 0.0365931057919812, 0.036716655210505045, 0.5097797938154669, 0.5291877229688358, 15.938499276014612, 17.024811264595673
../results-new/averaging-filter/DeepStab/45_avg_stab_r_5.avi, 0.06035538177516593, 0.0523145272470186, 0.06381302073538815, 0.6920997808791304, 0.7699266689689895, 16.40316695937502, 20.1652461616664
../results-new/averaging-filter/DeepStab/46_avg_stab_r_5.avi, 0.057313162848367113, 0.051951658541863434, 0.056986249476385795, 0.754384828110732, 0.827365048703793, 18.89662849559918, 22.56571388824564
../results-new/averaging-filter/DeepStab/47_avg_stab_r_5.avi, 0.056205151315065455, 0.051067589503760114, 0.05732710694595206, 0.753705993674387, 0.833851913479027, 17.796420113838938, 21.84807809448808
../results-new/averaging-filter/DeepStab/48_avg_stab_r_5.avi, 0.06582661450807775, 0.05411062033495125, 0.06581980343331034, 0.7019664647854719, 0.7913931728914656, 16.208156742568747, 19.90910229722445
../results-new/averaging-filter/DeepStab/49_avg_stab_r_5.avi, 0.05446720497776344, 0.0581227335769929, 0.05800018174014189, 0.7134215669428635, 0.7440745546443095, 18.987188059032974, 22.041195460069208
../results-new/averaging-filter/DeepStab/4_avg_stab_r_5.avi, 0.03925146789038553, 0.03985079068677212, 0.04073269271987115, 0.5575373906618711, 0.5874430153619429, 17.63406291410371, 19.50082923532856
../results-new/averaging-filter/DeepStab/50_avg_stab_r_5.avi, 0.052569184076714875, 0.0463651651799854, 0.0486876986233666, 0.5369695214928594, 0.6065060067408989, 11.937459175132993, 14.026846448119738
../results-new/averaging-filter/DeepStab/51_avg_stab_r_5.avi, 0.04876138976537359, 0.05070630223852329, 0.050458455630297806, 0.6857776496441519, 0.7566401218805047, 15.620976394836092, 19.568119618162246
../results-new/averaging-filter/DeepStab/52_avg_stab_r_5.avi, 0.04872241234864306, 0.04267662692694141, 0.044536345181834386, 0.5901623000401652, 0.6764974134773305, 13.870390418895504, 16.504692430339276
../results-new/averaging-filter/DeepStab/53_avg_stab_r_5.avi, 0.03838457501061339, 0.037894592438642585, 0.03805222883291598, 0.5323086813630847, 0.5929656777877833, 14.74706075309913, 17.614047334004102
../results-new/averaging-filter/DeepStab/54_avg_stab_r_5.avi, 0.039881776308850175, 0.03836909686645704, 0.03879392794255424, 0.5455304259557255, 0.6044773009740165, 15.226768945296458, 18.096684454516264
../results-new/averaging-filter/DeepStab/55_avg_stab_r_5.avi, 0.041478742144954145, 0.03883771176240543, 0.03993963393137731, 0.5331053362723897, 0.6162252056493657, 12.805387731221234, 16.001142160326836
../results-new/averaging-filter/DeepStab/56_avg_stab_r_5.avi, 0.04762103535512975, 0.04507378272153181, 0.04719352440045593, 0.5990914387358909, 0.6808682807909895, 13.6435858546548, 17.18577274514253
../results-new/averaging-filter/DeepStab/57_avg_stab_r_5.avi, 0.04511920291084539, 0.04285329647968252, 0.043687687266100915, 0.6139782861362117, 0.702969187246246, 13.419717047968332, 17.779064293533764
../results-new/averaging-filter/DeepStab/58_avg_stab_r_5.avi, 0.037752663378390575, 0.03711957853068306, 0.03643179202926638, 0.5960273161735317, 0.6731667881423766, 13.88580229480544, 17.350134620140032
../results-new/averaging-filter/DeepStab/59_avg_stab_r_5.avi, 0.03693057831552521, 0.03667132265069527, 0.03675763997196776, 0.4512695397164949, 0.5237236121344119, 13.62545591301845, 16.702016202329116
../results-new/averaging-filter/DeepStab/5_avg_stab_r_5.avi, 0.039640618996550796, 0.043118922184512146, 0.04287426659278961, 0.6423998968166338, 0.6768266124748852, 17.792816787896395, 20.54008897235739
../results-new/averaging-filter/DeepStab/60_avg_stab_r_5.avi, 0.03816740814771816, 0.036443092970470686, 0.03720262995024973, 0.4504547300226094, 0.5300307012330435, 13.168392038329776, 16.35588537115128
../results-new/averaging-filter/DeepStab/61_avg_stab_r_5.avi, 0.038772858700199093, 0.037595678142305376, 0.037786244763903694, 0.4419179027975749, 0.5167424307687122, 13.887509151707002, 17.221368437603914
../results-new/averaging-filter/DeepStab/6_avg_stab_r_5.avi, 0.039103543138071746, 0.04010616188838778, 0.04021161521904286, 0.5783118423988356, 0.6022099045115845, 17.82433136303049, 19.814466013002765
../results-new/averaging-filter/DeepStab/7_avg_stab_r_5.avi, 0.03827890545557408, 0.03732536462906968, 0.03806549733283722, 0.567491878656156, 0.604524702755049, 17.221346401247075, 19.66205501206201
../results-new/averaging-filter/DeepStab/8_avg_stab_r_5.avi, 0.037338053862125894, 0.0372448714297075, 0.0378352668062815, 0.6156345073414529, 0.6465044863707032, 16.952378163699972, 19.019048671767372
../results-new/averaging-filter/DeepStab/9_avg_stab_r_5.avi, 0.05105223745650662, 0.04185736946263547, 0.041473880471817194, 0.4384090444626791, 0.4605204384702649, 15.267932397942253, 17.814363972134
