file_path, stable_rythm, unstable_rythm, stabilized_rythm, mean_ssim, mean_ssim_2, mean_psnr, mean_psnr_2
../results-new/L1/DeepStab/10_L1_cr_0.5.avi, 0.03395938733364697, 0.03659359220727606, 0.03941591947287508, 0.33448598553305164, 0.3415495012184799, 10.886240379461519, 11.206738777326263
../results-new/L1/DeepStab/11_L1_cr_0.5.avi, 0.033843155478051966, 0.03548393873380037, 0.033422078614081016, 0.2901148874058947, 0.2996748209732733, 10.138879022576022, 10.151511938052652
../results-new/L1/DeepStab/12_L1_cr_0.5.avi, 0.03383266482978015, 0.032604351554043, 0.033218309319211194, 0.25752236576779985, 0.2805895111978115, 10.052487580874141, 10.137497113620581
../results-new/L1/DeepStab/13_L1_cr_0.5.avi, 0.03709346681038096, 0.036221972246910594, 0.04476839628284843, 0.2573152402984672, 0.31527800453572175, 10.063778670882247, 10.043399848121169
../results-new/L1/DeepStab/14_L1_cr_0.5.avi, 0.03581471790782682, 0.03532330621408271, 0.037378739648640566, 0.22303130214348899, 0.25247695911148177, 9.648759660091617, 9.49592830404457
../results-new/L1/DeepStab/15_L1_cr_0.5.avi, 0.035984111478180196, 0.03560666900294798, 0.03966081556734799, 0.2987795319214795, 0.3510507066819785, 10.85638914372215, 10.533773980939122
../results-new/L1/DeepStab/16_L1_cr_0.5.avi, 0.03752712550800818, 0.0377867026925087, 0.04268977238417758, 0.30785318855478316, 0.3896949294753359, 12.021555703062837, 12.223728342633045
../results-new/L1/DeepStab/17_L1_cr_0.5.avi, 0.036209141007866846, 0.03448609962214763, 0.035699474892431214, 0.3274792001129026, 0.39323360767989657, 11.043973022422195, 12.026177405993812
../results-new/L1/DeepStab/18_L1_cr_0.5.avi, 0.03673112644113493, 0.03689266148224169, 0.04294893438587966, 0.3390106892423722, 0.39903506093580865, 11.720263853276506, 11.493445462793046
../results-new/L1/DeepStab/19_L1_cr_0.5.avi, 0.04907673037755911, 0.04674791436662761, 0.0582735757148108, 0.6374473198648909, 0.6515581435321408, 13.6033878769387, 13.675797304353363
../results-new/L1/DeepStab/1_L1_cr_0.5.avi, 0.03801198803329396, 0.03693218475838762, 0.052992172531076784, 0.4225647298310216, 0.4689621116118353, 10.739126021657638, 11.411181613321814
../results-new/L1/DeepStab/20_L1_cr_0.5.avi, 0.03681871646356423, 0.04343760628992476, 0.042192081503369804, 0.41005073536973596, 0.4493293665997099, 12.346518990178645, 12.652195514245605
../results-new/L1/DeepStab/21_L1_cr_0.5.avi, 0.036848394999522506, 0.03658360213939107, 0.04465997718392098, 0.33393315136160817, 0.37124812830376835, 10.932422221872283, 11.124743928511782
../results-new/L1/DeepStab/22_L1_cr_0.5.avi, 0.03619555225510252, 0.039892818956133995, 0.04210981503720302, 0.33949848971243657, 0.3681172852151715, 10.590402775808542, 10.914254556090771
../results-new/L1/DeepStab/23_L1_cr_0.5.avi, 0.03592292794035499, 0.036564593848915986, 0.044449823297595774, 0.43599237926946055, 0.43891252387789137, 11.142551095182586, 11.305455429119272
../results-new/L1/DeepStab/24_L1_cr_0.5.avi, 0.0366638245527199, 0.03780601004413765, 0.042552028843367486, 0.4289456008913504, 0.43439028673291014, 12.77423937632741, 12.940850482363984
../results-new/L1/DeepStab/25_L1_cr_0.5.avi, 0.03567280845563922, 0.03557605874244953, 0.038725855549113536, 0.4062474185720637, 0.4153283296721196, 12.635356132912124, 11.549238838532874
../results-new/L1/DeepStab/26_L1_cr_0.5.avi, 0.035981043197250345, 0.036586957841472596, 0.04071571293808136, 0.3571636198271253, 0.39774932145550046, 11.265052155899552, 11.498676264445761
../results-new/L1/DeepStab/27_L1_cr_0.5.avi, 0.035696644050491715, 0.03693474514088419, 0.04483213070327645, 0.39299760279295237, 0.5148566602111035, 12.119048786559793, 12.385777958620272
../results-new/L1/DeepStab/28_L1_cr_0.5.avi, 0.03715926091874563, 0.03719182405001553, 0.040374557172627196, 0.3563086068784029, 0.516223767064865, 12.344158201712197, 12.290029968277459
../results-new/L1/DeepStab/29_L1_cr_0.5.avi, 0.035444533504883066, 0.036990099698149516, 0.049764288461006966, 0.26824691464688494, 0.3643709456581614, 10.457723254641236, 12.037218735634548
../results-new/L1/DeepStab/2_L1_cr_0.5.avi, 0.03825646496422948, 0.050692332700397705, 0.054966269993745584, 0.4921606577033797, 0.544123459725378, 13.205755632504932, 13.999091983180527
../results-new/L1/DeepStab/30_L1_cr_0.5.avi, 0.03583450530853173, 0.037217520395595956, 0.0390309419271703, 0.3674676865164311, 0.3862265312975854, 11.173683749221563, 11.437516400599511
../results-new/L1/DeepStab/31_L1_cr_0.5.avi, 0.03638307108053865, 0.03663276074589125, 0.04035681416024965, 0.3024733713560999, 0.3031438400945595, 10.178876363809096, 10.178355650129937
../results-new/L1/DeepStab/32_L1_cr_0.5.avi, 0.03570818551596424, 0.03651283472888458, 0.04742313711656761, 0.40972006211288936, 0.45990963898054954, 11.088059826959507, 11.820774820364576
../results-new/L1/DeepStab/33_L1_cr_0.5.avi, 0.03644713301584909, 0.03575874487632453, 0.0384212610516184, 0.39966650879757665, 0.436612923283404, 10.834832137141484, 10.915464805190297
../results-new/L1/DeepStab/34_L1_cr_0.5.avi, 0.035841232821277456, 0.04099811620177476, 0.10216076167874308, 0.47766903698496654, 0.511795444897397, 11.583445509806484, 12.258526048272387
../results-new/L1/DeepStab/35_L1_cr_0.5.avi, 0.03811926948496761, 0.041701572744081365, 0.1184519317420558, 0.4423123149405297, 0.4784777721908863, 11.041485831233716, 11.386248891482301
../results-new/L1/DeepStab/36_L1_cr_0.5.avi, 0.0389424727437791, 0.03846329945568675, 0.05329629209451974, 0.43797542993511385, 0.4926180928684676, 11.205587062949641, 11.493337493178961
../results-new/L1/DeepStab/37_L1_cr_0.5.avi, 0.041032900715009604, 0.046322581050180035, 0.07519844098577924, 0.45992582592604875, 0.5015779228985909, 10.892992908555874, 11.155050256444163
../results-new/L1/DeepStab/38_L1_cr_0.5.avi, 0.03922417162271335, 0.04199034263089474, 0.06078595890391999, 0.44213166213233984, 0.5042997289148563, 11.937190920588053, 12.430894802846346
../results-new/L1/DeepStab/39_L1_cr_0.5.avi, 0.03910192014513417, 0.04039655266665574, 0.04916458764566865, 0.47508630361113763, 0.5138530580103693, 9.640794378919017, 9.977731851581177
../results-new/L1/DeepStab/3_L1_cr_0.5.avi, 0.0367294009185988, 0.03677614012890463, 0.07017406329897366, 0.4726761237849325, 0.5205129681953653, 11.404201090846904, 12.04539144729458
../results-new/L1/DeepStab/40_L1_cr_0.5.avi, 0.037604904685821575, 0.03982580094711908, 0.09136213668791147, 0.44305137365521147, 0.48793148239167594, 12.626179375319188, 13.372942808793386
../results-new/L1/DeepStab/41_L1_cr_0.5.avi, 0.03591379051064092, 0.03684367272482755, 0.07076084875144692, 0.35121150583651856, 0.3649436135562061, 11.504151428848731, 11.234315629842571
../results-new/L1/DeepStab/42_L1_cr_0.5.avi, 0.04258638888085918, 0.04514870386084062, 0.05504815046535932, 0.4345191527249004, 0.4878896361884071, 11.087482776189807, 11.326233331029249
../results-new/L1/DeepStab/43_L1_cr_0.5.avi, 0.03811958421638914, 0.0369398805073606, 0.04472273748007478, 0.46316922943122346, 0.46591792954296024, 12.349361259650978, 12.66190987608976
../results-new/L1/DeepStab/44_L1_cr_0.5.avi, 0.03769175559076241, 0.036674729838976, 0.04471267610745908, 0.456295794181306, 0.45057084465697667, 11.454768101260527, 11.100813419106254
../results-new/L1/DeepStab/45_L1_cr_0.5.avi, 0.045684340614809936, 0.05231225364906546, 0.0716606360165999, 0.5287062881607245, 0.5541222411917921, 10.095514216802584, 10.302129566242918
../results-new/L1/DeepStab/46_L1_cr_0.5.avi, 0.04489902744565417, 0.051951066993114275, 0.09824830893832084, 0.5819314026273126, 0.5872782335721315, 12.308671502410059, 12.387065530993267
../results-new/L1/DeepStab/47_L1_cr_0.5.avi, 0.04714537425802862, 0.0510531759631333, 0.07609786855012023, 0.5880969910334433, 0.6238049278232863, 9.097366317823612, 9.36504418218994
../results-new/L1/DeepStab/48_L1_cr_0.5.avi, 0.044249595037252794, 0.05411062033495125, 0.11908720748711343, 0.5828041246108177, 0.5845394401164862, 8.914371043538477, 8.424122206562764
../results-new/L1/DeepStab/49_L1_cr_0.5.avi, 0.043251326006474605, 0.0581227335769929, 0.09615284193527658, 0.6641421339281152, 0.725872962560298, 15.092994852621262, 14.65149640781977
../results-new/L1/DeepStab/4_L1_cr_0.5.avi, 0.04146236961248513, 0.03985079068677212, 0.05411491359345791, 0.4596189801844363, 0.5008155956355197, 12.29236934094086, 12.45621913844721
../results-new/L1/DeepStab/50_L1_cr_0.5.avi, 0.044708986423053994, 0.04637590307896329, 0.0654899416395137, 0.4374019281574156, 0.46806982413861725, 8.041122434755898, 8.211876153474945
../results-new/L1/DeepStab/51_L1_cr_0.5.avi, 0.04953668953302142, 0.05070937851479195, 0.06149023532462538, 0.607864122753111, 0.6476224982170735, 11.655615037468243, 11.723324311116137
../results-new/L1/DeepStab/52_L1_cr_0.5.avi, 0.036627088069198475, 0.04267662692694141, 0.08007688340643025, 0.4745630972246838, 0.4927665722404372, 8.760503568595507, 8.662021599225096
../results-new/L1/DeepStab/53_L1_cr_0.5.avi, 0.036587146099277816, 0.03790073984053072, 0.04360036285132815, 0.463004614558307, 0.5389654919475529, 12.061872704558475, 12.586695948045561
../results-new/L1/DeepStab/54_L1_cr_0.5.avi, 0.03684679413238159, 0.038382396129098814, 0.04566249631363692, 0.4743192318440215, 0.5693427561607523, 12.030931251304116, 12.9696654452839
../results-new/L1/DeepStab/55_L1_cr_0.5.avi, 0.037390389250206935, 0.03884248400332671, 0.059800482811527146, 0.48787515971426854, 0.5255336493838809, 10.384398600364142, 10.753940523026241
../results-new/L1/DeepStab/56_L1_cr_0.5.avi, 0.04066052445136786, 0.045067537534772974, 0.06734072878553851, 0.5216142009728973, 0.5600970619413161, 10.839148102012633, 10.940728902717531
../results-new/L1/DeepStab/57_L1_cr_0.5.avi, 0.03881120870791587, 0.042826257937888614, 0.05760024394721072, 0.5663828822486544, 0.6307539171453832, 11.25249994886337, 11.664563249988543
../results-new/L1/DeepStab/58_L1_cr_0.5.avi, 0.03837318290041241, 0.03705775244765484, 0.056350491359821196, 0.5731829437269426, 0.6016830695145833, 12.27075214390592, 12.296822527077223
../results-new/L1/DeepStab/59_L1_cr_0.5.avi, 0.03582504867330873, 0.036721244724280365, 0.039989562203558385, 0.3804833203915973, 0.4702744031494646, 11.106096754788009, 11.438291391678089
../results-new/L1/DeepStab/5_L1_cr_0.5.avi, 0.04087876031424142, 0.043118922184512146, 0.04010728883722268, 0.5412515040884615, 0.5810782588302449, 13.127974730677968, 13.683721444096136
../results-new/L1/DeepStab/60_L1_cr_0.5.avi, 0.03616489618569202, 0.036492309985832444, 0.04745524097132633, 0.3749597066175998, 0.46414473889047075, 10.737530416717453, 11.144960034285466
../results-new/L1/DeepStab/61_L1_cr_0.5.avi, 0.036390382724548094, 0.03759732661413902, 0.04547058272263637, 0.3710252493321036, 0.47152231969191544, 11.781027626900677, 12.29418583445991
../results-new/L1/DeepStab/6_L1_cr_0.5.avi, 0.04065851066692081, 0.04009546384919582, 0.04745696160291622, 0.4286997024013644, 0.49688600994103305, 10.183738680156868, 11.280663122411482
../results-new/L1/DeepStab/7_L1_cr_0.5.avi, 0.03855351506924781, 0.037337963168839756, 0.04306698475239952, 0.4406922276648229, 0.491290736054387, 10.692444836096591, 11.159402064055879
../results-new/L1/DeepStab/8_L1_cr_0.5.avi, 0.04085050244881403, 0.037244434434872305, 0.0620749768089343, 0.49333758961334084, 0.5408859785290077, 10.423986707063612, 11.01858586992245
../results-new/L1/DeepStab/9_L1_cr_0.5.avi, 0.05943981926969679, 0.04186132514386501, 0.04780898725440226, 0.36489305434930014, 0.40397882857341044, 11.989865852675475, 12.047159616366319
