file_path, stable_rythm, unstable_rythm, stabilized_rythm, mean_ssim, mean_ssim_2, mean_psnr, mean_psnr_2
../results-new/L1/DeepStab/10_L1_cr_0.6.avi, 0.03395938733364697, 0.03659359220727606, 0.03917060434577625, 0.3177944568774698, 0.32596511326408817, 11.049438672296462, 11.378119959039154
../results-new/L1/DeepStab/11_L1_cr_0.6.avi, 0.033843155478051966, 0.03548393873380037, 0.03259031089509794, 0.3148744381358084, 0.32561270651013713, 10.455183171831543, 10.437720707372131
../results-new/L1/DeepStab/12_L1_cr_0.6.avi, 0.03383266482978015, 0.032604351554043, 0.03303534856368646, 0.29059824488924474, 0.30961042502807934, 11.073768747102577, 10.8503338211303
../results-new/L1/DeepStab/13_L1_cr_0.6.avi, 0.03709346681038096, 0.036221972246910594, 0.04025861938827344, 0.2532699101814721, 0.31270767297730917, 10.573194443439814, 10.569256126599061
../results-new/L1/DeepStab/14_L1_cr_0.6.avi, 0.03581471790782682, 0.03532330621408271, 0.03608157629764278, 0.2214399002420882, 0.25209818070989753, 10.17672035594522, 10.026229737576195
../results-new/L1/DeepStab/15_L1_cr_0.6.avi, 0.035984111478180196, 0.03560666900294798, 0.03827040905138192, 0.2910560789932148, 0.34037068288965283, 11.414802962685112, 11.004668878953625
../results-new/L1/DeepStab/16_L1_cr_0.6.avi, 0.03752712550800818, 0.0377867026925087, 0.04544550344302693, 0.29890295103358433, 0.377986937901495, 12.389414060375662, 12.583244015869438
../results-new/L1/DeepStab/17_L1_cr_0.6.avi, 0.036209141007866846, 0.03448609962214763, 0.037677892360306026, 0.32479863380522606, 0.39661051256074936, 11.169949874956849, 12.566055777173666
../results-new/L1/DeepStab/18_L1_cr_0.6.avi, 0.03673112644113493, 0.03689266148224169, 0.04004905830265251, 0.33496702458273175, 0.3939737749644518, 12.254167088216382, 12.080553086870058
../results-new/L1/DeepStab/19_L1_cr_0.6.avi, 0.04907673037755911, 0.04674791436662761, 0.05438771941132677, 0.6248612316036478, 0.6383021339420981, 13.601050153398264, 13.646671786453851
../results-new/L1/DeepStab/1_L1_cr_0.6.avi, 0.03801198803329396, 0.03693218475838762, 0.06143478532910773, 0.44793725610249263, 0.49572175019435516, 11.767342559485357, 12.55455146238525
../results-new/L1/DeepStab/20_L1_cr_0.6.avi, 0.03681871646356423, 0.04343760628992476, 0.039876829957253876, 0.4090358847097219, 0.4496126118636258, 12.555789145604631, 13.034319905246202
../results-new/L1/DeepStab/21_L1_cr_0.6.avi, 0.036848394999522506, 0.03658360213939107, 0.041924491889526704, 0.33988560648067584, 0.3784906824069029, 11.422635876520932, 11.53829612602175
../results-new/L1/DeepStab/22_L1_cr_0.6.avi, 0.03619555225510252, 0.039892818956133995, 0.040874400814473896, 0.345386514168802, 0.3729185116721113, 11.353245502301089, 11.6953605146763
../results-new/L1/DeepStab/23_L1_cr_0.6.avi, 0.03592292794035499, 0.036564593848915986, 0.042895496731635556, 0.4245961215373787, 0.4329983181332406, 11.522396166033891, 12.165350442582954
../results-new/L1/DeepStab/24_L1_cr_0.6.avi, 0.0366638245527199, 0.03780601004413765, 0.03886849764790569, 0.40724800483927537, 0.4145627854279142, 12.905897513479221, 13.334980299100508
../results-new/L1/DeepStab/25_L1_cr_0.6.avi, 0.03567280845563922, 0.03557605874244953, 0.037479796207875414, 0.4041933560980959, 0.4152277073147266, 13.00535915990054, 11.856754003217054
../results-new/L1/DeepStab/26_L1_cr_0.6.avi, 0.035981043197250345, 0.036586957841472596, 0.038133831751276465, 0.36007192303801094, 0.4000993503021839, 11.792127111968968, 12.08909604179786
../results-new/L1/DeepStab/27_L1_cr_0.6.avi, 0.035696644050491715, 0.03693474514088419, 0.04197128951027844, 0.3828171549456394, 0.49938956822945874, 12.90879835655799, 13.003534502034825
../results-new/L1/DeepStab/28_L1_cr_0.6.avi, 0.03715926091874563, 0.03719182405001553, 0.03998604421797799, 0.34991239584618083, 0.506302231268239, 12.75245517707936, 12.69753375213575
../results-new/L1/DeepStab/29_L1_cr_0.6.avi, 0.035444533504883066, 0.036990099698149516, 0.04618016010979369, 0.26017381826376107, 0.35453498774915293, 10.31182429573688, 12.098119694894615
../results-new/L1/DeepStab/2_L1_cr_0.6.avi, 0.03825646496422948, 0.050692332700397705, 0.05273004081887471, 0.47763894867989704, 0.5230403602099929, 13.45634533326529, 14.122688137876453
../results-new/L1/DeepStab/30_L1_cr_0.6.avi, 0.03583450530853173, 0.037217520395595956, 0.03729892410819801, 0.3616858694596088, 0.37789152355582833, 11.568861749278064, 11.70835493705762
../results-new/L1/DeepStab/31_L1_cr_0.6.avi, 0.03638307108053865, 0.03663276074589125, 0.03884599302080121, 0.30310797275601115, 0.3032201530595249, 10.438181654739882, 10.46258047598998
../results-new/L1/DeepStab/32_L1_cr_0.6.avi, 0.03570818551596424, 0.03651283472888458, 0.03936728420177136, 0.40080374112234046, 0.44991147205086257, 11.450531736258458, 12.205257925435431
../results-new/L1/DeepStab/33_L1_cr_0.6.avi, 0.03644713301584909, 0.03575874487632453, 0.0382972302580221, 0.3928956907663278, 0.4304160914448958, 11.171176111512592, 11.308753698378425
../results-new/L1/DeepStab/34_L1_cr_0.6.avi, 0.035841232821277456, 0.04099811620177476, 0.07736258763294278, 0.46352055215517624, 0.5004586919808669, 11.47660900673701, 12.424129436839662
../results-new/L1/DeepStab/35_L1_cr_0.6.avi, 0.03811926948496761, 0.041701572744081365, 0.07956273542881433, 0.4463892435792657, 0.48088525709043345, 11.817415334876632, 12.107561767714135
../results-new/L1/DeepStab/36_L1_cr_0.6.avi, 0.0389424727437791, 0.03846329945568675, 0.04488413401424967, 0.43561283738063133, 0.48949080927924277, 11.664557954573567, 12.022180800122804
../results-new/L1/DeepStab/37_L1_cr_0.6.avi, 0.041032900715009604, 0.046322581050180035, 0.07500496631676093, 0.46462382492229776, 0.5087278983687108, 11.651535286947926, 12.072471266560237
../results-new/L1/DeepStab/38_L1_cr_0.6.avi, 0.03922417162271335, 0.04199034263089474, 0.05378619435347618, 0.4341710401247376, 0.5013215230336848, 12.394339824455836, 13.454668531306629
../results-new/L1/DeepStab/39_L1_cr_0.6.avi, 0.03910192014513417, 0.04039655266665574, 0.044671908316821274, 0.48500584965821286, 0.5228478321275487, 10.416022398274928, 10.654365750799059
../results-new/L1/DeepStab/3_L1_cr_0.6.avi, 0.0367294009185988, 0.03677614012890463, 0.051473675224092234, 0.4704849464453651, 0.5159728032880949, 11.66460996686869, 12.302698127222968
../results-new/L1/DeepStab/40_L1_cr_0.6.avi, 0.037604904685821575, 0.03982580094711908, 0.06060306766365806, 0.4534391614195696, 0.4999447588089655, 13.220708826123152, 13.935055408606344
../results-new/L1/DeepStab/41_L1_cr_0.6.avi, 0.03591379051064092, 0.03684367272482755, 0.06002435449812569, 0.35364950066976547, 0.3688406246235376, 12.039510497924725, 11.802785461191533
../results-new/L1/DeepStab/42_L1_cr_0.6.avi, 0.04258638888085918, 0.04514870386084062, 0.05324203703175318, 0.4337435753150629, 0.48590803885802997, 11.439310784241034, 11.76301467479787
../results-new/L1/DeepStab/43_L1_cr_0.6.avi, 0.03811958421638914, 0.0369398805073606, 0.04068061179637636, 0.446943146723257, 0.4507776652274007, 12.437141884898473, 12.969977131543704
../results-new/L1/DeepStab/44_L1_cr_0.6.avi, 0.03769175559076241, 0.036674729838976, 0.03950406334410341, 0.4485103574867169, 0.4415581076626992, 11.932432468044365, 11.531343672518174
../results-new/L1/DeepStab/45_L1_cr_0.6.avi, 0.045684340614809936, 0.05231225364906546, 0.06436350664344526, 0.5396364055991901, 0.5673552891557918, 10.391070909008185, 10.674757856135392
../results-new/L1/DeepStab/46_L1_cr_0.6.avi, 0.04489902744565417, 0.051951066993114275, 0.08002063212159921, 0.6104002614540033, 0.6171061052989936, 13.228181906775145, 13.237942070763511
../results-new/L1/DeepStab/47_L1_cr_0.6.avi, 0.04714537425802862, 0.0510531759631333, 0.06923397422407962, 0.6160744842880816, 0.6488569461523955, 10.545592177996639, 10.659921632263739
../results-new/L1/DeepStab/48_L1_cr_0.6.avi, 0.044249595037252794, 0.05411062033495125, 0.09287840989076201, 0.5845016839282543, 0.5829803753880468, 9.50965557120668, 8.799099638445746
../results-new/L1/DeepStab/49_L1_cr_0.6.avi, 0.043251326006474605, 0.0581227335769929, 0.08407183957441045, 0.6508983392478904, 0.712396888215712, 15.375793141873249, 15.087351820787907
../results-new/L1/DeepStab/4_L1_cr_0.6.avi, 0.04146236961248513, 0.03985079068677212, 0.05204506430062548, 0.4642895324722147, 0.5060024228356668, 12.461667876966748, 12.765493565216826
../results-new/L1/DeepStab/50_L1_cr_0.6.avi, 0.044708986423053994, 0.04637590307896329, 0.06874774109905894, 0.43397336822749116, 0.4686877539400232, 8.34108801001779, 8.63212123829254
../results-new/L1/DeepStab/51_L1_cr_0.6.avi, 0.04953668953302142, 0.05070937851479195, 0.05019388471427458, 0.5948154336625466, 0.6445263726933754, 11.622961244121555, 12.056076654251592
../results-new/L1/DeepStab/52_L1_cr_0.6.avi, 0.036627088069198475, 0.04267662692694141, 0.06409764856958591, 0.4850072168766603, 0.5066635739089833, 9.691370790940994, 9.64740059914367
../results-new/L1/DeepStab/53_L1_cr_0.6.avi, 0.036587146099277816, 0.03790073984053072, 0.04192208441828223, 0.4546576442891767, 0.533035342134067, 12.132779295817132, 12.835165493480778
../results-new/L1/DeepStab/54_L1_cr_0.6.avi, 0.03684679413238159, 0.038382396129098814, 0.04155211290655985, 0.4703236465005134, 0.5606543340612146, 12.881767597470779, 13.776846491702102
../results-new/L1/DeepStab/55_L1_cr_0.6.avi, 0.037390389250206935, 0.03884248400332671, 0.04584791890933628, 0.48437000364885385, 0.5157315138637767, 10.722627438641467, 10.947963125078509
../results-new/L1/DeepStab/56_L1_cr_0.6.avi, 0.04066052445136786, 0.045067537534772974, 0.05948349397599956, 0.5220767879156646, 0.5629027120449656, 10.989109121506523, 11.264395576372532
../results-new/L1/DeepStab/57_L1_cr_0.6.avi, 0.03881120870791587, 0.042826257937888614, 0.048014164428308734, 0.5600340941658913, 0.6202832263344176, 11.762435503881683, 12.087241317932174
../results-new/L1/DeepStab/58_L1_cr_0.6.avi, 0.03837318290041241, 0.03705775244765484, 0.04646342592632547, 0.5752937729848817, 0.6030145082650666, 12.702635243285876, 12.687682209330337
../results-new/L1/DeepStab/59_L1_cr_0.6.avi, 0.03582504867330873, 0.036721244724280365, 0.03788309789294843, 0.3736503925145264, 0.4611570026889928, 11.332982724664662, 11.733073338506683
../results-new/L1/DeepStab/5_L1_cr_0.6.avi, 0.04087876031424142, 0.043118922184512146, 0.04563456605055839, 0.5579413491150426, 0.6015395191624845, 13.640793623900013, 14.328273563125903
../results-new/L1/DeepStab/60_L1_cr_0.6.avi, 0.03616489618569202, 0.036492309985832444, 0.04309268511098713, 0.36339115145523815, 0.4487347654883774, 10.848005865555985, 11.290808132526157
../results-new/L1/DeepStab/61_L1_cr_0.6.avi, 0.036390382724548094, 0.03759732661413902, 0.042307939915345996, 0.3603313072152663, 0.4531088379730521, 11.926106667804374, 12.33548900645347
../results-new/L1/DeepStab/6_L1_cr_0.6.avi, 0.04065851066692081, 0.04009546384919582, 0.050247141591271534, 0.4313128208332875, 0.5063677600491561, 10.803700271260826, 12.306725553784714
../results-new/L1/DeepStab/7_L1_cr_0.6.avi, 0.03855351506924781, 0.037337963168839756, 0.040907515088603956, 0.4483774035566512, 0.4983636955778348, 11.529244221313828, 12.13137424464726
../results-new/L1/DeepStab/8_L1_cr_0.6.avi, 0.04085050244881403, 0.037244434434872305, 0.050862057924242116, 0.49217679011039156, 0.5408801638897696, 10.763525031962539, 11.339674951288348
../results-new/L1/DeepStab/9_L1_cr_0.6.avi, 0.05943981926969679, 0.04186132514386501, 0.046258757930981956, 0.36500230182263904, 0.40186783363485407, 12.373419356272075, 12.330943012824195
file_path, stable_rythm, unstable_rythm, stabilized_rythm, mean_ssim, mean_ssim_2, mean_psnr, mean_psnr_2
../results-new/L1/DeepStab/10_L1_cr_0.6.avi, 0.03672362572330897, 0.03659359220727606, 0.03917060434577625, 0.34074890126837304, 0.3253186169927331, 11.556795398528825, 11.368059709602829
../results-new/L1/DeepStab/11_L1_cr_0.6.avi, 0.03666000349375913, 0.03548393873380037, 0.03259031089509794, 0.34162481446115817, 0.32685556977520513, 10.552619059457802, 10.451541310968876
../results-new/L1/DeepStab/12_L1_cr_0.6.avi, 0.03354677626170154, 0.032604351554043, 0.03303534856368646, 0.32476777342341084, 0.3092994139760325, 11.04995572994419, 10.852241090123469
../results-new/L1/DeepStab/13_L1_cr_0.6.avi, 0.03603523466056892, 0.036221972246910594, 0.04025861938827344, 0.33354509131206267, 0.31265730834071115, 10.659130762204844, 10.570846968044881
file_path, stable_rythm, unstable_rythm, stabilized_rythm, mean_ssim, mean_ssim_2, mean_psnr, mean_psnr_2
../results-new/L1/DeepStab/10_L1_cr_0.6.avi, 0.03672362572330897, 0.03656599007774722, 0.03917060434577625, 0.34074890126837304, 0.3253186169927331, 11.556795398528825, 11.368059709602829
../results-new/L1/DeepStab/11_L1_cr_0.6.avi, 0.03666000349375913, 0.035816647643771196, 0.03259031089509794, 0.34162481446115817, 0.32685556977520513, 10.552619059457802, 10.451541310968876
../results-new/L1/DeepStab/12_L1_cr_0.6.avi, 0.03354677626170154, 0.03301316956327214, 0.03303534856368646, 0.32476777342341084, 0.3092994139760325, 11.04995572994419, 10.852241090123469
../results-new/L1/DeepStab/13_L1_cr_0.6.avi, 0.03603523466056892, 0.03622685527717895, 0.04025861938827344, 0.33354509131206267, 0.31265730834071115, 10.659130762204844, 10.570846968044881
../results-new/L1/DeepStab/14_L1_cr_0.6.avi, 0.03517509147833581, 0.03530111942621412, 0.03608499616618207, 0.2677120398586533, 0.25212340383207676, 10.145025848324869, 10.025705968922596
../results-new/L1/DeepStab/15_L1_cr_0.6.avi, 0.035827226114113375, 0.035575235636526044, 0.0382785389108295, 0.36335268888528843, 0.34023084913901963, 11.085458821056724, 11.00093129645273
../results-new/L1/DeepStab/16_L1_cr_0.6.avi, 0.03808305196176241, 0.037793037442517226, 0.04544550344302693, 0.40079802861065994, 0.3780587559539065, 12.689073353209976, 12.588799735888713
../results-new/L1/DeepStab/17_L1_cr_0.6.avi, 0.03414214161687164, 0.034524249534511345, 0.037677892360306026, 0.42342666902526876, 0.3969934589750107, 12.801414888405658, 12.54214762114439
../results-new/L1/DeepStab/18_L1_cr_0.6.avi, 0.037317485459440705, 0.036840165956354184, 0.040048741689955, 0.4197624264480833, 0.3940593645951658, 12.324333245045784, 12.08032240662692
../results-new/L1/DeepStab/19_L1_cr_0.6.avi, 0.04887960511701559, 0.04674269946283228, 0.05438771941132677, 0.6453635732615371, 0.6381778725801059, 13.553381713549259, 13.644030161985357
../results-new/L1/DeepStab/1_L1_cr_0.6.avi, 0.038279044756553214, 0.03692906801986292, 0.06143478532910773, 0.5114356081671747, 0.4957783263267616, 12.640572257298434, 12.55491865247922
../results-new/L1/DeepStab/20_L1_cr_0.6.avi, 0.044368735309482266, 0.04342561733312235, 0.03987926729755085, 0.4670538074246002, 0.449981856677731, 13.198946824685391, 13.037415354514529
../results-new/L1/DeepStab/21_L1_cr_0.6.avi, 0.036775127638889404, 0.03662224773266355, 0.04192519487319188, 0.3922198312223264, 0.37843785930019963, 11.658776260980664, 11.536343586511817
../results-new/L1/DeepStab/22_L1_cr_0.6.avi, 0.04081850980773593, 0.03986950246668995, 0.04086721706564859, 0.38919641303517644, 0.37277267242408085, 12.004405851587864, 11.692267399247743
../results-new/L1/DeepStab/23_L1_cr_0.6.avi, 0.03738322167572315, 0.036896996459672385, 0.042895496731635556, 0.4558080304887254, 0.4328835353394044, 12.436065855506946, 12.155608099609289
../results-new/L1/DeepStab/24_L1_cr_0.6.avi, 0.038903191399647284, 0.037827432538850916, 0.03886849764790569, 0.43333823233261315, 0.4147823057093518, 13.585793910375237, 13.339486119013399
../results-new/L1/DeepStab/25_L1_cr_0.6.avi, 0.03715239869568675, 0.03555325486158981, 0.03748116053900387, 0.4337361234746473, 0.415448931951388, 11.986613755385305, 11.86304814884673
../results-new/L1/DeepStab/26_L1_cr_0.6.avi, 0.036278145909961756, 0.03646847456623691, 0.038133831751276465, 0.4210287352230194, 0.4007473462961361, 12.35275974564259, 12.094917133753464
../results-new/L1/DeepStab/27_L1_cr_0.6.avi, 0.03689423716779869, 0.03695318405210695, 0.04197128951027844, 0.5123138305636136, 0.49904705878747874, 13.088530101092946, 13.003253586098909
../results-new/L1/DeepStab/28_L1_cr_0.6.avi, 0.037144335592931246, 0.03718052266437148, 0.03998724437650508, 0.5139918267618763, 0.5063319663908147, 12.71402902289959, 12.696783374877345
../results-new/L1/DeepStab/29_L1_cr_0.6.avi, 0.03675348895982575, 0.03699905338171916, 0.04617083278311782, 0.3717708865241808, 0.35232945657637726, 12.279734981627685, 12.069079484089345
../results-new/L1/DeepStab/2_L1_cr_0.6.avi, 0.05156260724202042, 0.050692332700397705, 0.05273004081887471, 0.5436079010849136, 0.5231875510809787, 14.175618041115838, 14.125144182621568
../results-new/L1/DeepStab/30_L1_cr_0.6.avi, 0.03712089399570906, 0.03724319259730705, 0.03728377460685971, 0.39533366745614346, 0.3780489045883359, 11.994812018318434, 11.70957183904445
../results-new/L1/DeepStab/31_L1_cr_0.6.avi, 0.03676364737102549, 0.036566106267684244, 0.03883009556389998, 0.3160045324037997, 0.30336863896548033, 10.603479692817363, 10.471354399325724
../results-new/L1/DeepStab/32_L1_cr_0.6.avi, 0.03745615297280372, 0.03658795892948058, 0.039366102226376425, 0.4655893757682441, 0.4496877048257194, 12.384581158984295, 12.205883380014647
../results-new/L1/DeepStab/33_L1_cr_0.6.avi, 0.03597581182953287, 0.03576024611008446, 0.03831242443433605, 0.44204858006251985, 0.4302470824273376, 11.410293915680283, 11.303610696437907
../results-new/L1/DeepStab/34_L1_cr_0.6.avi, 0.04220657951852953, 0.041007468943489944, 0.07736808899333096, 0.5171210115428612, 0.5007984608523517, 12.630410124833835, 12.4238921742971
../results-new/L1/DeepStab/35_L1_cr_0.6.avi, 0.0433637248428595, 0.04173520367345331, 0.07957497068692253, 0.5011394114146758, 0.48102807484327004, 12.385152144472933, 12.108905405667612
../results-new/L1/DeepStab/36_L1_cr_0.6.avi, 0.039208150203769616, 0.038505455778634755, 0.04488413401424967, 0.5133548433841245, 0.4896210178275346, 12.272123998159387, 12.02281821347182
../results-new/L1/DeepStab/37_L1_cr_0.6.avi, 0.04952988811115488, 0.04635148841263235, 0.07499356751479645, 0.5319905509557676, 0.5088719571754374, 12.148445569600351, 12.073970581350215
../results-new/L1/DeepStab/38_L1_cr_0.6.avi, 0.04308056924782999, 0.04198401909325059, 0.05378619435347618, 0.5203523973545905, 0.5015093984985624, 13.558113994628947, 13.454992392155436
../results-new/L1/DeepStab/39_L1_cr_0.6.avi, 0.04161789080483811, 0.04039872628230923, 0.044671908316821274, 0.5410244804054704, 0.5229145133432264, 10.803728975124613, 10.650509865764073
../results-new/L1/DeepStab/3_L1_cr_0.6.avi, 0.037184815530019566, 0.03677925032711344, 0.051473675224092234, 0.5331596235198376, 0.5161415700538219, 12.503412247105082, 12.300149939058356
../results-new/L1/DeepStab/40_L1_cr_0.6.avi, 0.04106207678205919, 0.03985555940712422, 0.06060306766365806, 0.512415713948597, 0.5000668318347146, 14.043454096807645, 13.936126696646314
../results-new/L1/DeepStab/41_L1_cr_0.6.avi, 0.03667412185720475, 0.03693903426678901, 0.06002435449812569, 0.3840595681307546, 0.3691403183784242, 11.918277736587354, 11.806839316197694
../results-new/L1/DeepStab/42_L1_cr_0.6.avi, 0.04699780583266431, 0.04515636290582086, 0.05324380971217305, 0.4986841005051019, 0.48611878677874015, 11.839644303757737, 11.765967569747467
../results-new/L1/DeepStab/43_L1_cr_0.6.avi, 0.036892383801629465, 0.03699781777230807, 0.0406787330464571, 0.46639985256489347, 0.45103860526088957, 13.221913080599167, 12.97252190421622
../results-new/L1/DeepStab/44_L1_cr_0.6.avi, 0.036716655210505045, 0.0365931057919812, 0.03950298486905937, 0.4541479723512318, 0.44180138857687723, 11.646776754877402, 11.536003167201695
../results-new/L1/DeepStab/45_L1_cr_0.6.avi, 0.06381302073538815, 0.0523145272470186, 0.06436664451009809, 0.5582086348950441, 0.5672598441207438, 10.724827511797375, 10.670500261861195
../results-new/L1/DeepStab/46_L1_cr_0.6.avi, 0.056986249476385795, 0.051951658541863434, 0.08002063212159921, 0.594330560807642, 0.6174274361198712, 13.20762519493247, 13.2454050271683
../results-new/L1/DeepStab/47_L1_cr_0.6.avi, 0.05732710694595206, 0.051067589503760114, 0.06923290994383632, 0.6421265896173644, 0.6489905312277134, 10.659322141535553, 10.662112346686525
../results-new/L1/DeepStab/48_L1_cr_0.6.avi, 0.06581980343331034, 0.05411062033495125, 0.09287840989076201, 0.5801056710339806, 0.5828462445693837, 8.837483404366827, 8.787569192181598
../results-new/L1/DeepStab/49_L1_cr_0.6.avi, 0.05800018174014189, 0.0581227335769929, 0.08407183957441045, 0.7162263519208895, 0.7119502418942022, 15.292494345325656, 15.08754261592956
../results-new/L1/DeepStab/4_L1_cr_0.6.avi, 0.04073269271987115, 0.03985079068677212, 0.05204506430062548, 0.5247231650244251, 0.5061175658173449, 13.048883884782747, 12.764774722397831
../results-new/L1/DeepStab/50_L1_cr_0.6.avi, 0.0486876986233666, 0.0463651651799854, 0.06874774109905894, 0.46932728550730995, 0.4686700593891817, 8.673263323033154, 8.633428260904328
../results-new/L1/DeepStab/51_L1_cr_0.6.avi, 0.050458455630297806, 0.05070630223852329, 0.05019388471427458, 0.6480400335546493, 0.6443911219016799, 12.2073491430136, 12.057286817710832
../results-new/L1/DeepStab/52_L1_cr_0.6.avi, 0.044536345181834386, 0.04267662692694141, 0.06409764856958591, 0.5016646299780255, 0.5066409215525549, 9.631508449792564, 9.649262083617401
../results-new/L1/DeepStab/53_L1_cr_0.6.avi, 0.03805222883291598, 0.037894592438642585, 0.04192057705626395, 0.535875142165234, 0.5332025168332127, 12.918339105608192, 12.839017949115616
../results-new/L1/DeepStab/54_L1_cr_0.6.avi, 0.03879392794255424, 0.03836909686645704, 0.04155028391478753, 0.5650083800774253, 0.5608774941062398, 13.783201003031756, 13.777244258988357
../results-new/L1/DeepStab/55_L1_cr_0.6.avi, 0.03993963393137731, 0.03883771176240543, 0.045856238851842174, 0.5175375232153949, 0.5159367811275992, 10.98809185442561, 10.951203115994522
../results-new/L1/DeepStab/56_L1_cr_0.6.avi, 0.04719352440045593, 0.04507378272153181, 0.059470301732333475, 0.5632481795193159, 0.562828652726074, 11.283763362685734, 11.257913431094853
../results-new/L1/DeepStab/57_L1_cr_0.6.avi, 0.043687687266100915, 0.04285329647968252, 0.04790907525156494, 0.6205255891884153, 0.6200286216755416, 12.113340005314882, 12.082394574709948
../results-new/L1/DeepStab/58_L1_cr_0.6.avi, 0.03643179202926638, 0.03711957853068306, 0.04643346510364551, 0.6043748082743386, 0.6029292000745103, 12.738846403452445, 12.691048665690467
../results-new/L1/DeepStab/59_L1_cr_0.6.avi, 0.03675763997196776, 0.03667132265069527, 0.037879150876138544, 0.46569881734037044, 0.4608076350485838, 11.793002533458322, 11.730103216650116
../results-new/L1/DeepStab/5_L1_cr_0.6.avi, 0.04287426659278961, 0.043118922184512146, 0.04563456605055839, 0.6159554598879374, 0.6017815110354704, 14.400833349569703, 14.33597821061876
../results-new/L1/DeepStab/60_L1_cr_0.6.avi, 0.03720262995024973, 0.036443092970470686, 0.04305803382435945, 0.45137306572897223, 0.44890965262534205, 11.292236330467334, 11.293469661993864
../results-new/L1/DeepStab/61_L1_cr_0.6.avi, 0.037786244763903694, 0.037595678142305376, 0.04230496856682623, 0.45792644841435964, 0.4531495984237243, 12.323495484486937, 12.33497652759367
../results-new/L1/DeepStab/6_L1_cr_0.6.avi, 0.04021161521904286, 0.04010616188838778, 0.050247141591271534, 0.5243213824383132, 0.5064082218515764, 12.398822837470433, 12.309278049731912
../results-new/L1/DeepStab/7_L1_cr_0.6.avi, 0.03806549733283722, 0.03732536462906968, 0.040907515088603956, 0.5135376528776511, 0.4985133352842644, 12.256478475454738, 12.136162628160351
../results-new/L1/DeepStab/8_L1_cr_0.6.avi, 0.0378352668062815, 0.0372448714297075, 0.05086768736622647, 0.5549634118705986, 0.5407497766563558, 11.46833815919955, 11.341619360701
../results-new/L1/DeepStab/9_L1_cr_0.6.avi, 0.041473880471817194, 0.04185736946263547, 0.04627553388037794, 0.4236451634707361, 0.40188321755673045, 12.492816760603242, 12.315985329168882
file_path, stable_rythm, unstable_rythm, stabilized_rythm, mean_ssim, mean_ssim_2, mean_psnr, mean_psnr_2
../results-new/L1/DeepStab/10_L1_cr_0.6.avi, 0.03831593171304281, 0.03656599007774722, 0.03917060434577625, 0.33484779647122487, 0.3253186169927331, 11.3566473372583, 11.368059709602829
../results-new/L1/DeepStab/11_L1_cr_0.6.avi, 0.03645798855946829, 0.035816647643771196, 0.03259031089509794, 0.33887703085029347, 0.32685556977520513, 10.411272278430198, 10.451541310968876
../results-new/L1/DeepStab/12_L1_cr_0.6.avi, 0.03389900405966333, 0.03301316956327214, 0.03303534856368646, 0.3222455009565672, 0.3092994139760325, 11.03068795790915, 10.852241090123469
../results-new/L1/DeepStab/13_L1_cr_0.6.avi, 0.036547826538101104, 0.03622685527717895, 0.04025861938827344, 0.3251550349684239, 0.31265730834071115, 10.425819080423182, 10.570846968044881
../results-new/L1/DeepStab/14_L1_cr_0.6.avi, 0.03554455714769189, 0.03530111942621412, 0.03608499616618207, 0.2590064949131956, 0.25212340383207676, 9.885652238469648, 10.025705968922596
../results-new/L1/DeepStab/15_L1_cr_0.6.avi, 0.03594815635041521, 0.035575235636526044, 0.0382785389108295, 0.3555580716843137, 0.34023084913901963, 10.781559780041091, 11.00093129645273
../results-new/L1/DeepStab/16_L1_cr_0.6.avi, 0.03829911282880247, 0.037793037442517226, 0.04544550344302693, 0.391316086921149, 0.3780587559539065, 12.226023695457584, 12.588799735888713
../results-new/L1/DeepStab/17_L1_cr_0.6.avi, 0.03461669674410079, 0.034524249534511345, 0.037677892360306026, 0.41699034007517644, 0.3969934589750107, 12.629835009448206, 12.54214762114439
../results-new/L1/DeepStab/18_L1_cr_0.6.avi, 0.0375021189611785, 0.036840165956354184, 0.040048741689955, 0.4089506329267599, 0.3940593645951658, 11.929293435768647, 12.08032240662692
../results-new/L1/DeepStab/19_L1_cr_0.6.avi, 0.05141855557556274, 0.04674269946283228, 0.05438771941132677, 0.6241425280391202, 0.6381778725801059, 12.927034016626905, 13.644030161985357
../results-new/L1/DeepStab/1_L1_cr_0.6.avi, 0.0382188286628073, 0.03692906801986292, 0.06143478532910773, 0.49535924619104954, 0.4957783263267616, 12.288329552603924, 12.55491865247922
../results-new/L1/DeepStab/20_L1_cr_0.6.avi, 0.04328214933364163, 0.04342561733312235, 0.03987926729755085, 0.4608814869080094, 0.449981856677731, 12.933173979534963, 13.037415354514529
../results-new/L1/DeepStab/21_L1_cr_0.6.avi, 0.03650023622426403, 0.03662224773266355, 0.04192519487319188, 0.3808619212060156, 0.37843785930019963, 11.274101483379676, 11.536343586511817
../results-new/L1/DeepStab/22_L1_cr_0.6.avi, 0.042717777047879026, 0.03986950246668995, 0.04086721706564859, 0.3769184279203737, 0.37277267242408085, 11.62319716219551, 11.692267399247743
../results-new/L1/DeepStab/23_L1_cr_0.6.avi, 0.03864723576405514, 0.036896996459672385, 0.042895496731635556, 0.4517570872183871, 0.4328835353394044, 12.41727357094793, 12.155608099609289
../results-new/L1/DeepStab/24_L1_cr_0.6.avi, 0.03910036443158139, 0.037827432538850916, 0.03886849764790569, 0.42621037028607694, 0.4147823057093518, 13.306095338173801, 13.339486119013399
../results-new/L1/DeepStab/25_L1_cr_0.6.avi, 0.038216977733215154, 0.03555325486158981, 0.03748116053900387, 0.4233253114397999, 0.415448931951388, 11.711247128123935, 11.86304814884673
../results-new/L1/DeepStab/26_L1_cr_0.6.avi, 0.03600789719594675, 0.03646847456623691, 0.038133831751276465, 0.41013794389201336, 0.4007473462961361, 12.075667872607912, 12.094917133753464
../results-new/L1/DeepStab/27_L1_cr_0.6.avi, 0.040134368589202885, 0.03695318405210695, 0.04197128951027844, 0.4904395290616987, 0.49904705878747874, 12.524252210737608, 13.003253586098909
../results-new/L1/DeepStab/28_L1_cr_0.6.avi, 0.03804726327232863, 0.03718052266437148, 0.03998724437650508, 0.48548938356060845, 0.5063319663908147, 11.978170444419883, 12.696783374877345
../results-new/L1/DeepStab/29_L1_cr_0.6.avi, 0.0368745259761351, 0.03699905338171916, 0.04617083278311782, 0.3659461186701311, 0.35232945657637726, 12.104184864309225, 12.069079484089345
../results-new/L1/DeepStab/2_L1_cr_0.6.avi, 0.046039914910897546, 0.050692332700397705, 0.05273004081887471, 0.530294832823799, 0.5231875510809787, 13.635511426938196, 14.125144182621568
../results-new/L1/DeepStab/30_L1_cr_0.6.avi, 0.03675899450511319, 0.03724319259730705, 0.03728377460685971, 0.38847669226978643, 0.3780489045883359, 11.717560160403277, 11.70957183904445
../results-new/L1/DeepStab/31_L1_cr_0.6.avi, 0.037760744880939626, 0.036566106267684244, 0.03883009556389998, 0.30813940312747456, 0.30336863896548033, 10.376281224459984, 10.471354399325724
../results-new/L1/DeepStab/32_L1_cr_0.6.avi, 0.03684512444820407, 0.03658795892948058, 0.039366102226376425, 0.4532693335274533, 0.4496877048257194, 11.938645687599616, 12.205883380014647
../results-new/L1/DeepStab/33_L1_cr_0.6.avi, 0.03917961275123338, 0.03576024611008446, 0.03831242443433605, 0.4305202040644284, 0.4302470824273376, 11.332708249364837, 11.303610696437907
../results-new/L1/DeepStab/34_L1_cr_0.6.avi, 0.04341452340343028, 0.041007468943489944, 0.07736808899333096, 0.5041041182234769, 0.5007984608523517, 12.249661946569203, 12.4238921742971
../results-new/L1/DeepStab/35_L1_cr_0.6.avi, 0.04292257928949898, 0.04173520367345331, 0.07957497068692253, 0.49261124249478844, 0.48102807484327004, 12.097355299436167, 12.108905405667612
../results-new/L1/DeepStab/36_L1_cr_0.6.avi, 0.03856875067548288, 0.038505455778634755, 0.04488413401424967, 0.4991240889530255, 0.4896210178275346, 11.750072012585244, 12.02281821347182
../results-new/L1/DeepStab/37_L1_cr_0.6.avi, 0.049726386661862756, 0.04635148841263235, 0.07499356751479645, 0.5198720082451149, 0.5088719571754374, 11.797414231852656, 12.073970581350215
../results-new/L1/DeepStab/38_L1_cr_0.6.avi, 0.042452137922257126, 0.04198401909325059, 0.05378619435347618, 0.5024411654337179, 0.50150939818956, 12.8415076468065, 13.454992392155436
../results-new/L1/DeepStab/39_L1_cr_0.6.avi, 0.03991778607068216, 0.04039872628230923, 0.044671908316821274, 0.5265297831538238, 0.5229145133432264, 10.530857556765941, 10.650509865764073
../results-new/L1/DeepStab/3_L1_cr_0.6.avi, 0.03700421887525451, 0.03677925032711344, 0.051473675224092234, 0.5193874954904925, 0.5161415700538219, 12.266690192009056, 12.300149939058356
../results-new/L1/DeepStab/40_L1_cr_0.6.avi, 0.03842113890861517, 0.03985555940712422, 0.06060306766365806, 0.5013870327094017, 0.5000668318347146, 13.446193350827754, 13.936126696646314
../results-new/L1/DeepStab/41_L1_cr_0.6.avi, 0.035977445817427796, 0.03693903426678901, 0.06002435449812569, 0.3743707457411708, 0.3691403182635681, 11.446287034281127, 11.806839316197694
../results-new/L1/DeepStab/42_L1_cr_0.6.avi, 0.04704236082054565, 0.04515636290582086, 0.05324380971217305, 0.4844081268198351, 0.48611878677874015, 11.472277057656125, 11.765967569747467
../results-new/L1/DeepStab/43_L1_cr_0.6.avi, 0.03763572217316043, 0.03699781777230807, 0.0406787330464571, 0.46123696207208437, 0.45103860526088957, 13.039478663500299, 12.97252190421622
../results-new/L1/DeepStab/44_L1_cr_0.6.avi, 0.03712751072227191, 0.0365931057919812, 0.03950298486905937, 0.4462882508751476, 0.44180138843479383, 11.508694671529923, 11.536003167201695
../results-new/L1/DeepStab/45_L1_cr_0.6.avi, 0.06035538177516593, 0.0523145272470186, 0.06436664451009809, 0.5431735124121145, 0.5672598414265161, 10.451485885547545, 10.670500261824925
../results-new/L1/DeepStab/46_L1_cr_0.6.avi, 0.057313162848367113, 0.051951658541863434, 0.08002063212159921, 0.5798761771791434, 0.6174274361198712, 13.239893283494306, 13.2454050271683
../results-new/L1/DeepStab/47_L1_cr_0.6.avi, 0.056205151315065455, 0.051067589503760114, 0.06923290994383632, 0.621719337082884, 0.6489905312277134, 10.621984590037583, 10.662112346686525
../results-new/L1/DeepStab/48_L1_cr_0.6.avi, 0.06582661450807775, 0.05411062033495125, 0.09287840989076201, 0.5561584779573631, 0.582846244418218, 8.595547664357511, 8.787569192181598
../results-new/L1/DeepStab/49_L1_cr_0.6.avi, 0.05446720497776344, 0.0581227335769929, 0.08407183957441045, 0.7015854685794992, 0.7119502375651767, 14.52666297073515, 15.087542615875156
../results-new/L1/DeepStab/4_L1_cr_0.6.avi, 0.03925146789038553, 0.03985079068677212, 0.05204506430062548, 0.5169311265778879, 0.5061176060708993, 12.929158888815177, 12.764774804360314
../results-new/L1/DeepStab/50_L1_cr_0.6.avi, 0.052569184076714875, 0.0463651651799854, 0.06874774109905894, 0.4542984534643939, 0.4686700593891817, 8.588012204604226, 8.633428260904328
../results-new/L1/DeepStab/51_L1_cr_0.6.avi, 0.04876138976537359, 0.05070630223852329, 0.05019388471427458, 0.6289780991481354, 0.6443911219016799, 11.831061132472927, 12.057286817710832
../results-new/L1/DeepStab/52_L1_cr_0.6.avi, 0.04872241234864306, 0.04267662692694141, 0.06409764856958591, 0.48577369179009444, 0.5066409215525549, 9.559652782407339, 9.649262083617401
../results-new/L1/DeepStab/53_L1_cr_0.6.avi, 0.03838457501061339, 0.037894592438642585, 0.04192057705626395, 0.5158717284402912, 0.5332025168332127, 12.213175661364225, 12.839017949115616
../results-new/L1/DeepStab/54_L1_cr_0.6.avi, 0.039881776308850175, 0.03836909686645704, 0.04155028391478753, 0.5444151641808508, 0.5608774941062398, 12.902699406803796, 13.777244258988357
../results-new/L1/DeepStab/55_L1_cr_0.6.avi, 0.041478742144954145, 0.03883771176240543, 0.045856238851842174, 0.4932627551964009, 0.5159367811275992, 10.546270434763828, 10.951203115994522
../results-new/L1/DeepStab/56_L1_cr_0.6.avi, 0.04762103535512975, 0.04507378272153181, 0.059470301732333475, 0.5413796802542097, 0.5628286521573286, 10.897161953800536, 11.257913431094853
../results-new/L1/DeepStab/57_L1_cr_0.6.avi, 0.04511920291084539, 0.04285329647968252, 0.04790907525156494, 0.5791877394799602, 0.6200286216755416, 11.166964430785692, 12.082394574709948
../results-new/L1/DeepStab/58_L1_cr_0.6.avi, 0.037752663378390575, 0.03711957853068306, 0.04643346510364551, 0.5749831929716683, 0.6029292000745103, 11.934153217154199, 12.691048665690467
../results-new/L1/DeepStab/59_L1_cr_0.6.avi, 0.03693057831552521, 0.03667132265069527, 0.037879150876138544, 0.44893893864886036, 0.4608076350485838, 11.311878624105828, 11.730103216650116
../results-new/L1/DeepStab/5_L1_cr_0.6.avi, 0.039640618996550796, 0.043118922184512146, 0.04563456605055839, 0.609041197286541, 0.6017815092080464, 14.146302574337339, 14.33597820914186
../results-new/L1/DeepStab/60_L1_cr_0.6.avi, 0.03816740814771816, 0.036443092970470686, 0.04305803382435945, 0.4296551492372161, 0.44890965262534205, 10.732673494339172, 11.293469661993864
../results-new/L1/DeepStab/61_L1_cr_0.6.avi, 0.038772858700199093, 0.037595678142305376, 0.04230496856682623, 0.43746901505973634, 0.4531495984237243, 11.647590167562567, 12.33497652759367
../results-new/L1/DeepStab/6_L1_cr_0.6.avi, 0.039103543138071746, 0.04010616188838778, 0.050247141591271534, 0.5178871443603886, 0.5064082218515764, 12.252404631658417, 12.309278049731912
../results-new/L1/DeepStab/7_L1_cr_0.6.avi, 0.03827890545557408, 0.03732536462906968, 0.040907515088603956, 0.5043944684753369, 0.4985133352842644, 12.024527204014422, 12.136162628160351
../results-new/L1/DeepStab/8_L1_cr_0.6.avi, 0.037338053862125894, 0.0372448714297075, 0.05086768736622647, 0.5467066702351419, 0.5407497766563558, 11.338492952240516, 11.341619360701
../results-new/L1/DeepStab/9_L1_cr_0.6.avi, 0.05105223745650662, 0.04185736946263547, 0.04627553388037794, 0.4096191086743711, 0.40188321755673045, 12.071150254266776, 12.315985329168882
